200 5477.0 1.0954902 0.0019571874 0.0 6000.0 107
200 5477.0 1.0954902 0.0019571874 0.0 6000.0 107
400 21909.0 0.80332285 0.9738059 39.0 17600.0 178
600 43590.0 0.6675843 1.8310547E-4 39.0 29100.0 227
800 56610.0 0.6765589 7.406925E-9 60.666666666666664 38300.0 324
200 5477.0 1.0954902 0.0019571874 0.0 6000.0 107
200 5477.0 1.0954902 0.0019571874 0.0 6000.0 107
200 5031.0 1.1329756 0.5864951 0.0 5700.0 110
400 26725.0 0.7296539 4.882817E-4 43.0 19500.0 159
600 51774.0 0.6547688 6.109476E-5 43.0 33900.0 179
800 86650.0 0.5631852 2.1535813E-19 71.66666666666667 48800.0 219
1000 118937.0 0.5204436 1.6212693E-5 75.16666666666667 61900.0 298
200 2530.0 1.9367589 1.001831 0.0 4900.0 6
200 0.0 0.0 0.0 0.0 0.0 4
400 0.0 0.0 0.0 0.0 0.0 6
600 0.0 0.0 0.0 0.0 0.0 9
800 0.0 0.0 0.0 0.0 0.0 13
200 0.0 0.0 0.0 0.0 0.0 4
400 0.0 0.0 0.0 0.0 0.0 6
600 0.0 0.0 0.0 0.0 0.0 9
800 0.0 0.0 0.0 0.0 0.0 13
1000 0.0 0.0 0.0 0.0 0.0 19
1200 0.0 0.0 0.0 0.0 0.0 22
1400 0.0 0.0 0.0 0.0 0.0 27
1600 0.0 0.0 0.0 0.0 0.0 31
1800 0.0 0.0 0.0 0.0 0.0 35
200 0.0 0.0 0.0 0.0 0.0 4
400 869.0 1.5972382 0.9375 2.0 1388.0 2
200 80.0 4.3375 2.0 0.0 347.0 3
400 692.0 2.0057805 1.125 2.0 1388.0 2
600 1193.0 2.0360436 2.015625 2.0 2429.0 2
800 1575.0 1.9828571 1.2539062 1.75 3123.0 4
200 682.0 2.0351906 1.0625 0.0 1388.0 501
400 22548.0 1.3696558 0.9286194 35.0 30883.0 914
600 60751.0 1.1023852 0.2511911 35.0 66971.0 1310
800 105635.0 0.95261985 1.5852388E-30 74.75 100630.0 1753
1000 166855.0 0.81730247 0.0 76.25 136371.0 2147
1200 260174.0 0.67486376 0.0 76.25 175582.0 2510
1400 373843.0 0.5671284 0.0 81.5 212017.0 2895
1600 483521.0 0.5152744 0.0 79.75 249146.0 3279
1800 597204.0 0.47819674 0.0 79.75 285581.0 3644
2000 726633.0 0.44459444 0.0 80.5 323057.0 4073
2200 868031.0 0.41454625 0.0 80.5 359839.0 4477
2400 1026480.0 0.3870655 0.0 80.5 397315.0 4868
2600 1201302.0 0.36193314 0.0 80.75 434791.0 5286
2800 1406563.0 0.3364997 0.0 81.0 473308.0 5685
3000 1643409.0 0.30954072 0.0 81.0 508702.0 6079
3200 1816079.0 0.29405823 0.0 72.0 534033.0 6472
3400 2050760.0 0.2771587 0.0 65.25 568386.0 6847
3600 2300579.0 0.2621453 0.0 65.25 603086.0 7219
3800 2602706.0 0.24571389 0.0 76.25 639521.0 7617
200 1229.0 1.921074 1.0078125 0.0 2361.0 498
400 42630.0 1.3063805 0.9999962 65.25 55691.0 838
600 106720.0 1.0333865 1.516079E-39 65.25 110283.0 1177
800 192375.0 0.8542742 0.0 118.5 164341.0 1557
1000 305037.0 0.72343683 0.0 122.5 220675.0 1887
1200 421508.0 0.6372904 0.0 122.5 268623.0 2221
1400 569771.0 0.5642565 0.0 114.25 321497.0 2555
1600 737885.0 0.50607073 0.0 114.0 373422.0 2892
1800 935204.0 0.45759642 0.0 114.0 427946.0 3201
2000 1152169.0 0.41805845 0.0 118.25 481674.0 3579
2200 1387689.0 0.38550642 0.0 117.75 534963.0 3932
2400 1637288.0 0.35818318 0.0 117.75 586449.0 4279
2600 1924519.0 0.33307388 0.0 117.25 641007.0 4644
2800 2230534.0 0.3115801 0.0 120.25 694990.0 4995
3000 2565365.0 0.2923284 0.0 120.25 749929.0 5329
