200 3393.0 1.7244327 1.0 0.0 5851.0 220
400 39733.0 1.6796114 1.0 5.7696969696969695 66736.0 301
600 92793.0 1.6298966 1.0 5.7696969696969695 151243.0 343
800 161832.0 1.5927011 0.9998779 10.963636363636363 257750.0 275
1000 221091.0 1.5901959 1.0 11.66969696969697 351578.0 307
1200 273765.0 1.5932058 1.0 11.66969696969697 436164.0 375
1400 329113.0 1.5778471 0.99884033 10.996969696969696 519290.0 429
1600 394616.0 1.5309947 0.9999614 10.848484848484848 604155.0 471
1800 473533.0 1.4756501 0.84933794 10.848484848484848 698769.0 490
2000 544121.0 1.4312533 0.8124189 11.715151515151515 778775.0 523
2200 609917.0 1.3921747 0.18675038 11.006060606060606 849111.0 582
2400 701162.0 1.3411523 0.99218357 11.006060606060606 940365.0 614
2600 783169.0 1.3166533 0.7182541 12.087878787878788 1031162.0 625
2800 856237.0 1.298317 0.78125 10.754545454545454 1111667.0 681
3000 952247.0 1.2584498 0.30858815 10.754545454545454 1198355.0 695
3200 1065426.0 1.202459 0.6216619 10.336363636363636 1281131.0 753
3400 1199328.0 1.1567345 0.6286621 11.024242424242424 1387304.0 757
3600 1315870.0 1.1356472 0.9296586 11.024242424242424 1494364.0 761
3800 1433634.0 1.103857 0.92968106 12.287878787878787 1582527.0 782
4000 1549861.0 1.0803769 0.7417766 11.166666666666666 1674434.0 795
4200 1691087.0 1.0460591 0.12537448 11.166666666666666 1768977.0 814
4400 1828136.0 1.0256869 0.22893333 12.218181818181819 1875095.0 816
4600 2025165.0 0.9780443 0.15201965 11.63030303030303 1980701.0 808
4800 2166088.0 0.95898825 0.1139735 11.63030303030303 2077253.0 824
5000 2270418.0 0.95817685 0.9974365 11.324242424242424 2175462.0 849
5200 2339106.0 0.9636613 0.84361243 10.127272727272727 2254106.0 912
5400 2420189.0 0.967096 0.96630764 10.127272727272727 2340555.0 965
5600 2493196.0 0.9712546 0.9960937 10.22121212121212 2421528.0 993
5800 2590695.0 0.97376686 0.74609375 10.112121212121211 2522733.0 1014
6000 2690933.0 0.9694362 0.8105466 10.112121212121211 2608688.0 1066
6200 2879737.0 0.93733597 0.22643566 10.43030303030303 2699281.0 1105
6400 3109747.0 0.90334326 0.14368427 11.275757575757575 2809169.0 1089
6600 3294113.0 0.88072205 0.9011519 11.275757575757575 2901198.0 1124
6800 3513911.0 0.85038835 0.7444614 12.166666666666666 2988189.0 1150
7000 3706805.0 0.8294836 0.9917164 12.654545454545454 3074734.0 1175
7200 3947669.0 0.8010145 0.6744168 12.654545454545454 3162140.0 1214
7400 4182310.0 0.78108674 0.40371668 11.6 3266747.0 1235
7600 4388333.0 0.7661992 0.057460368 11.16969696969697 3362337.0 1272
7800 4614789.0 0.7519596 0.37755585 11.16969696969697 3470135.0 1269
8000 4875802.0 0.735641 0.19250889 12.781818181818181 3586840.0 1250
8200 5127807.0 0.71808416 0.74747133 12.827272727272728 3682197.0 1253
8400 5403137.0 0.7022791 0.6643046 12.827272727272728 3794510.0 1231
8600 5680029.0 0.6861192 0.12608361 13.354545454545455 3897177.0 1266
8800 5974968.0 0.67302305 0.2049665 14.403030303030302 4021291.0 1229
9000 6222610.0 0.6661475 0.4914341 14.403030303030302 4145176.0 1233
9200 6519434.0 0.654499 0.44703928 13.615151515151515 4266963.0 1208
9400 6768220.0 0.6443867 0.42943874 13.342424242424242 4361351.0 1232
9600 7037843.0 0.6347229 0.07780346 13.342424242424242 4467080.0 1225
9800 7319728.0 0.625575 0.41288853 15.345454545454546 4579039.0 1184
10000 7509422.0 0.6225405 0.62776375 13.972727272727273 4674919.0 1183
10200 7710508.0 0.6209914 0.23069188 13.972727272727273 4788159.0 1193
10400 7819213.0 0.6202912 0.981966 11.909090909090908 4850189.0 1289
10600 8011496.0 0.6171541 0.51568806 12.687878787878788 4944328.0 1341
10800 8305707.0 0.6131766 0.572893 12.687878787878788 5092865.0 1311
11000 8516381.0 0.6108506 0.40362743 14.072727272727272 5202236.0 1325
11200 8706478.0 0.60831535 0.6883555 12.881818181818181 5296284.0 1367
11400 8926731.0 0.6045286 1.9109808E-5 12.881818181818181 5396464.0 1364
11600 9074056.0 0.60351884 0.919366 12.824242424242424 5476364.0 1427
11800 9247774.0 0.6035543 0.15207432 13.333333333333334 5581534.0 1478
12000 9403836.0 0.6036894 0.81835884 13.333333333333334 5676996.0 1509
12200 9588721.0 0.60229826 0.4431461 13.154545454545454 5775270.0 1526
12400 9818731.0 0.601994 0.7011068 12.575757575757576 5910817.0 1489
12600 9992768.0 0.6029568 0.42159605 12.575757575757576 6025207.0 1485
12800 1.0114867E7 0.6048816 0.9826355 12.393939393939394 6118297.0 1567
13000 1.0251098E7 0.6070272 0.90474224 12.012121212121212 6222695.0 1598
13200 1.0492471E7 0.60386235 0.23041399 12.012121212121212 6336008.0 1585
13400 1.0943631E7 0.59001946 0.7721362 13.72121212121212 6456955.0 1586
13600 1.141425E7 0.5777706 0.11936832 16.303030303030305 6594818.0 1566
13800 1.1779394E7 0.5724645 0.85863686 16.303030303030305 6743285.0 1543
14000 1.2070669E7 0.56861264 0.9647789 13.581818181818182 6863535.0 1552
14200 1.2276897E7 0.567844 0.15621984 11.366666666666667 6971362.0 1579
14400 1.2441861E7 0.5683136 0.9831542 11.366666666666667 7070879.0 1636
14600 1.267386E7 0.5660415 0.63265103 11.55151515151515 7173931.0 1645
14800 1.2918416E7 0.56410056 0.7072222 11.681818181818182 7287286.0 1656
15000 1.3216348E7 0.55992335 0.6444033 11.681818181818182 7400142.0 1672
15200 1.3505855E7 0.55605155 0.07955901 12.315151515151515 7509952.0 1743
15400 1.3868514E7 0.55027354 0.82117045 14.478787878787879 7631476.0 1752
15600 1.4246996E7 0.54480547 0.9770045 14.478787878787879 7761841.0 1715
15800 1.4477448E7 0.5446335 0.37846085 13.593939393939394 7884903.0 1714
16000 1.4779445E7 0.5410589 0.418962 11.972727272727273 7996550.0 1752
16200 1.5049047E7 0.5383594 0.97735643 11.972727272727273 8101796.0 1752
16400 1.5314353E7 0.5364167 0.89921105 12.433333333333334 8214875.0 1757
16600 1.5527635E7 0.53537774 0.11086568 12.424242424242424 8313150.0 1767
16800 1.5829563E7 0.5323989 0.031494997 12.424242424242424 8427642.0 1737
17000 1.6062926E7 0.5313865 0.28210708 12.227272727272727 8535622.0 1718
17200 1.6296962E7 0.53013575 0.65586436 11.975757575757576 8639602.0 1686
17400 1.6499936E7 0.52984685 0.5328165 11.975757575757576 8742439.0 1681
17600 1.6786714E7 0.52817285 0.5485501 13.93939393939394 8866287.0 1681
17800 1.7071798E7 0.52748686 0.6811446 15.163636363636364 9005149.0 1616
18000 1.737282E7 0.52527034 0.905813 15.163636363636364 9125427.0 1600
18200 1.7556592E7 0.5258041 0.49173942 14.445454545454545 9231328.0 1597
18400 1.7770532E7 0.5256747 0.4862058 13.4 9341519.0 1573
18600 1.7911604E7 0.5261793 0.42366475 13.4 9424715.0 1682
18800 1.8037296E7 0.5285897 0.7497548 9.854545454545455 9534329.0 1693
19000 1.8140092E7 0.5299987 0.76537514 10.263636363636364 9614226.0 1756
19200 1.8263002E7 0.53125757 0.67577314 10.263636363636364 9702358.0 1820
19400 1.8515476E7 0.53024054 0.39709175 11.727272727272727 9817656.0 1811
19600 1.8733212E7 0.5293305 0.94303703 11.727272727272727 9916060.0 1839
19800 1.8950044E7 0.5287038 0.21458796 11.727272727272727 1.0018961E7 1851
20000 1.914278E7 0.5292692 0.60832214 11.687878787878788 1.0131684E7 1829
20200 1.9357398E7 0.52850866 0.70692396 12.184848484848485 1.0230552E7 1853
20400 1.9750896E7 0.5226977 0.5882746 12.184848484848485 1.0323748E7 1856
20600 2.0357184E7 0.5123611 0.06471176 12.606060606060606 1.0430229E7 1838
20800 2.0905988E7 0.5035966 0.81790537 11.651515151515152 1.0528185E7 1852
21000 2.177952E7 0.48874325 0.036753453 11.651515151515152 1.0644593E7 1819
21200 2.2497318E7 0.47869954 0.14876619 13.472727272727273 1.0769456E7 1774
21400 2.284398E7 0.4757383 0.52479357 14.424242424242424 1.0867756E7 1798
21600 2.3271544E7 0.47201174 0.6051033 14.424242424242424 1.0984442E7 1798
21800 2.3592978E7 0.4703708 0.8444817 14.50909090909091 1.1097448E7 1766
22000 2.3802902E7 0.47065568 0.68701005 12.784848484848485 1.1202971E7 1768
22200 2.4015656E7 0.47015834 0.89341694 12.784848484848485 1.1291161E7 1828
22400 2.418871E7 0.47049958 0.071438745 11.030303030303031 1.1380778E7 1882
22600 2.4412696E7 0.47044504 0.4935983 12.139393939393939 1.1484832E7 1922
22800 2.4734502E7 0.46905485 0.78648305 12.139393939393939 1.1601838E7 1887
23000 2.4916248E7 0.46912012 0.43193257 13.324242424242424 1.1688713E7 1936
23200 2.5062266E7 0.4693314 0.22778973 11.715151515151515 1.1762509E7 2033
23400 2.5212132E7 0.47013327 0.23952007 11.715151515151515 1.1853062E7 2073
23600 2.5380948E7 0.47064444 0.020090047 12.472727272727273 1.1945402E7 2106
23800 2.5710456E7 0.46957096 0.18805021 13.475757575757576 1.2072884E7 2096
24000 2.6105084E7 0.46720293 0.35157093 13.475757575757576 1.2196372E7 2092
24200 2.6474248E7 0.46495187 0.055451076 14.212121212121213 1.2309251E7 2116
24400 2.6854882E7 0.46227732 0.09375763 14.215151515151515 1.2414403E7 2129
24600 2.741116E7 0.45715797 0.5634189 14.215151515151515 1.253123E7 2117
24800 2.7720142E7 0.45610398 0.55980074 14.469696969696969 1.2643267E7 2083
25000 2.8046608E7 0.45398822 0.06168557 13.642424242424243 1.273283E7 2103
25200 2.8516632E7 0.4503373 0.49203688 13.642424242424243 1.2842103E7 2127
25400 2.8803834E7 0.4491453 0.43866813 12.745454545454546 1.2937106E7 2138
25600 2.9063608E7 0.44899487 0.97632325 14.33939393939394 1.3049411E7 2140
25800 2.9411744E7 0.44771373 0.7484637 14.33939393939394 1.3168042E7 2127
26000 2.9633368E7 0.4478837 0.23330428 12.833333333333334 1.3272302E7 2156
26200 2.9767502E7 0.44843718 0.4056387 10.590909090909092 1.3348855E7 2214
26400 2.9948988E7 0.4489182 0.2645848 10.590909090909092 1.3444646E7 2257
26600 3.0121564E7 0.45002457 0.62255824 11.433333333333334 1.3555444E7 2235
26800 3.026916E7 0.4505893 0.6401257 10.506060606060606 1.363896E7 2306
27000 3.0420356E7 0.45111457 0.4331014 10.506060606060606 1.3723066E7 2365
27200 3.0635736E7 0.451239 0.8097919 9.784848484848485 1.3824039E7 2387
27400 3.083972E7 0.45120543 0.91401225 9.10909090909091 1.3915049E7 2418
27600 3.1079834E7 0.45035163 0.95978296 9.10909090909091 1.3996854E7 2447
27800 3.1332264E7 0.44927424 0.24968503 9.148484848484848 1.4076779E7 2507
28000 3.1562416E7 0.44789547 0.6117644 8.754545454545454 1.4136663E7 2584
28200 3.199612E7 0.44466025 0.342635 8.754545454545454 1.4227403E7 2618
28400 3.2304042E7 0.4430148 0.69124544 9.927272727272728 1.4311169E7 2675
28600 3.2544632E7 0.44163984 0.52649915 9.554545454545455 1.4373006E7 2733
28800 3.2786352E7 0.44048366 0.29133794 9.554545454545455 1.4441852E7 2826
29000 3.2961204E7 0.43982506 0.6475104 9.336363636363636 1.4497163E7 2960
29200 3.3104442E7 0.4401652 0.10228486 9.666666666666666 1.4571423E7 3039
29400 3.3277444E7 0.4402039 0.82384753 9.666666666666666 1.4648861E7 3086
29600 3.3389416E7 0.4409047 0.2160416 9.066666666666666 1.4721551E7 3175
29800 3.3485548E7 0.44148865 0.9830312 9.175757575757576 1.4783489E7 3281
30000 3.3615248E7 0.4419328 0.726074 9.175757575757576 1.4855681E7 3367
30200 3.37724E7 0.44218808 0.39033967 9.421212121212122 1.4933753E7 3416
30400 3.3910744E7 0.44230735 0.12447982 9.593939393939394 1.4998971E7 3507
30600 3.4167296E7 0.4406686 0.3840447 9.593939393939394 1.5056455E7 3570
30800 3.4379904E7 0.43952906 0.70948327 10.081818181818182 1.5110967E7 3692
31000 3.5083776E7 0.4337824 0.066613816 10.936363636363636 1.5218724E7 3696
31200 3.6158824E7 0.42469206 0.16798094 10.936363636363636 1.5356366E7 3642
31400 3.6840684E7 0.4196634 0.34921902 14.657575757575758 1.5460687E7 3667
31600 3.7298876E7 0.41754237 0.014531543 12.32121212121212 1.5573861E7 3663
31800 3.7683048E7 0.4162213 0.52779156 12.32121212121212 1.5684487E7 3690
32000 3.8034372E7 0.41466698 0.83687556 10.754545454545454 1.5771598E7 3770
32200 3.831724E7 0.41374996 0.4385829 10.548484848484849 1.5853757E7 3824
32400 3.8635288E7 0.41261405 0.48247212 10.548484848484849 1.5941462E7 3834
32600 3.902416E7 0.41100678 0.049061254 10.684848484848485 1.6039194E7 3861
32800 3.9425036E7 0.40926924 0.9967749 12.663636363636364 1.6135455E7 3883
33000 3.9688112E7 0.4083337 0.9454959 12.663636363636364 1.6205993E7 3954
33200 3.9942048E7 0.40760812 0.8032501 10.44848484848485 1.6280703E7 4002
33400 4.0145828E7 0.40711495 0.98289394 10.612121212121211 1.6343967E7 4086
33600 4.0443016E7 0.4057428 0.9491873 10.612121212121211 1.6409462E7 4142
33800 4.0994144E7 0.4015562 0.72938085 8.93030303030303 1.6461453E7 4249
34000 4.1501016E7 0.39783278 0.9531152 8.745454545454546 1.6510464E7 4365
34200 4.1555844E7 0.39814672 1.0 8.745454545454546 1.6545323E7 4501
34400 4.1573936E7 0.39871198 1.0 6.718181818181818 1.6576026E7 4677
34600 4.1591488E7 0.399269 1.0 6.803030303030303 1.6606193E7 4869
34800 4.160334E7 0.39964136 1.0 6.803030303030303 1.6626416E7 5098
35000 4.1612552E7 0.39993864 1.0 5.651515151515151 1.6642467E7 5308
35200 4.1621172E7 0.4002118 1.0 4.509090909090909 1.6657285E7 5527
35400 4.162988E7 0.40048176 1.0 4.509090909090909 1.6672008E7 5717
35600 4.163642E7 0.40069097 1.0 4.587878787878788 1.6683338E7 5939
35800 4.1644304E7 0.4009361 1.0 4.112121212121212 1.6696705E7 6164
36000 4.1650976E7 0.40115154 1.0 4.112121212121212 1.6708353E7 6409
36200 4.1658164E7 0.40138328 1.0 4.184848484848485 1.672089E7 6617
36400 4.1665676E7 0.40162835 1.0 3.9060606060606062 1.6734117E7 6815
36600 4.167052E7 0.40178737 1.0 3.9060606060606062 1.6742689E7 7060
36800 4.1673472E7 0.40188482 1.0 2.824242424242424 1.6747936E7 7296
37000 4.1678268E7 0.4020389 1.0 2.496969696969697 1.6756285E7 7516
37200 4.1681224E7 0.4021361 1.0 2.496969696969697 1.6761524E7 7742
37400 4.1684616E7 0.40224627 1.0 2.224242424242424 1.6767481E7 7953
37600 4.1687984E7 0.4023574 1.0 2.196969696969697 1.6773469E7 8182
37800 4.1690924E7 0.40245104 1.0 2.196969696969697 1.6778556E7 8406
38000 4.1692104E7 0.4024901 1.0 1.996969696969697 1.678066E7 8669
38200 4.1692724E7 0.4025107 1.0 1.4393939393939394 1.6781768E7 8881
38400 4.1693716E7 0.40254372 1.0 1.4393939393939394 1.6783544E7 9136
38600 4.1695048E7 0.40258765 1.0 1.087878787878788 1.6785912E7 9385
38800 4.1695872E7 0.4026152 1.0 1.1151515151515152 1.6787392E7 9617
39000 4.1697048E7 0.40265355 1.0 1.1151515151515152 1.6789464E7 9875
39200 4.1697716E7 0.40267548 1.0 0.9848484848484849 1.6790648E7 10109
39400 4.1698216E7 0.40269196 1.0 0.8787878787878788 1.6791536E7 10379
39600 4.1699872E7 0.40274695 1.0 0.8787878787878788 1.6794496E7 10639
39800 4.1701552E7 0.4028017 1.0 1.0454545454545454 1.6797456E7 10894
40000 4.170188E7 0.40281272 1.0 0.7666666666666667 1.6798048E7 11143
40200 4.1702712E7 0.40284017 1.0 0.7666666666666667 1.6799528E7 11364
40400 4.1704032E7 0.40288422 1.0 0.4484848484848485 1.6801896E7 11592
40600 4.1704524E7 0.40290076 1.0 0.3575757575757576 1.6802784E7 11844
40800 4.1704856E7 0.40291175 1.0 0.3575757575757576 1.6803376E7 12083
41000 4.1705528E7 0.40293363 1.0 0.30606060606060603 1.680456E7 12328
41200 4.1706184E7 0.40295568 1.0 0.3 1.6805744E7 12569
41400 4.1706348E7 0.4029612 1.0 0.3 1.680604E7 12793
41600 4.170684E7 0.40297773 1.0 0.24848484848484848 1.6806928E7 13032
41800 4.1707508E7 0.40299967 1.0 0.27575757575757576 1.6808112E7 13277
42000 4.1707832E7 0.40301073 1.0 0.27575757575757576 1.6808704E7 13537
42200 4.1707832E7 0.40301073 1.0 0.21818181818181817 1.6808704E7 13783
42400 4.1707832E7 0.40301073 1.0 0.02727272727272727 1.6808704E7 14036
42600 4.1707832E7 0.40301073 1.0 0.02727272727272727 1.6808704E7 14302
42800 4.1707832E7 0.40301073 1.0 0.0 1.6808704E7 14545
43000 4.1707832E7 0.40301073 1.0 0.0 1.6808704E7 14765
43200 4.1707832E7 0.40301073 1.0 0.0 1.6808704E7 15004
43400 4.1707832E7 0.40301073 1.0 0.0 1.6808704E7 15004
200 5889.0 2.3995585 1.6394668 0.0 14131.0 351
200 5498.0 2.6491451 1.999464 0.0 14565.0 192
400 33293.0 2.1697655 1.5597007 6.109090909090909 72238.0 300
600 72324.0 1.9228748 0.94554627 6.109090909090909 139070.0 402
200 5498.0 2.6491451 1.999464 0.0 14565.0 192
400 33293.0 2.1697655 1.5597007 6.109090909090909 72238.0 300
600 72324.0 1.9228748 0.94554627 6.109090909090909 139070.0 402
800 127525.0 1.7179533 2.0593395 9.951515151515151 219082.0 416
200 4195.0 2.7730632 2.6467526 0.0 11633.0 159
400 29692.0 2.2367978 1.0334578 5.342424242424243 66415.0 232
200 1923.0 1.5767031 0.9999695 0.0 3032.0 186
400 23106.0 1.4636891 0.99609375 4.0636363636363635 33820.0 309
200 2103.0 1.5644318 0.9999695 0.0 3290.0 230
400 28753.0 1.4128612 0.99999803 4.884848484848485 40624.0 371
600 76481.0 1.2873393 0.4904763 4.884848484848485 98457.0 481
800 137595.0 1.1714162 0.93943226 8.724242424242425 161181.0 511
1000 217939.0 1.0881944 0.015874628 9.709090909090909 237160.0 595
