200 3261.0 3.0996628 5.023551 0.0 10108.0 163
400 6457.0 2.9273655 2.6426327 3.7636363636363637 18902.0 351
600 15568.0 1.989851 7.7118893 3.7636363636363637 30978.0 537
200 3578.0 3.0835662 2.4317389 0.0 11033.0 163
400 16560.0 2.3647947 2.3554158 4.675757575757576 39161.0 302
600 39349.0 1.8852322 1.6734294 4.675757575757576 74182.0 429
800 62921.0 1.5279955 0.51562905 5.636363636363637 96143.0 526
200 3822.0 2.8458922 3.5602121 0.0 10877.0 160
400 32809.0 2.341888 1.1080171 5.66060606060606 76835.0 206
200 7584.0 2.8128955 1.5234768 0.0 21333.0 173
400 36054.0 2.444278 2.4249437 6.703030303030303 88126.0 262
600 73332.0 2.1876397 1.2609487 6.703030303030303 160424.0 352
800 140849.0 1.8982527 2.0171328 9.978787878787879 267367.0 298
1000 207294.0 1.8174187 1.494932 12.215151515151515 376740.0 307
1200 266645.0 1.8165388 1.6300219 12.215151515151515 484371.0 334
200 6860.0 2.8335278 2.0542095 0.0 19438.0 178
400 34510.0 2.4332368 1.887543 6.536363636363636 83971.0 272
600 69547.0 2.1859462 0.6499758 6.536363636363636 152026.0 373
800 125725.0 1.9083476 1.0630184 9.478787878787879 239927.0 360
1000 199615.0 1.7270446 0.6539596 11.621212121212121 344744.0 385
1200 283921.0 1.6281923 1.1428974 11.621212121212121 462278.0 405
1400 374887.0 1.5823221 0.76457834 13.590909090909092 593192.0 366
1600 456150.0 1.6229924 1.9787612 16.25151515151515 740328.0 326
1800 524396.0 1.6781611 1.7350702 16.25151515151515 880021.0 307
2000 584746.0 1.7156612 1.9450332 15.281818181818181 1003226.0 298
2200 646184.0 1.7510802 1.547699 13.915151515151516 1131520.0 280
2400 699990.0 1.7804768 1.7527214 13.915151515151516 1246316.0 315
2600 762635.0 1.7987425 2.319168 13.875757575757575 1371784.0 297
2800 824584.0 1.8224001 1.927716 14.945454545454545 1502722.0 295
3000 876708.0 1.8417865 1.1438413 14.945454545454545 1614709.0 292
3200 945807.0 1.8564622 1.8817071 13.975757575757576 1755855.0 281
200 6860.0 2.8335278 2.0542095 0.0 19438.0 178
400 33897.0 2.4465883 1.3734145 6.539393939393939 82932.0 275
600 68769.0 2.1783361 1.9908683 6.539393939393939 149802.0 375
200 8355.0 3.3636146 3.297996 0.0 28103.0 153
200 7675.0 3.0294464 2.0028622 0.0 23251.0 164
400 32999.0 2.7185369 3.1569757 6.960606060606061 89709.0 256
600 80152.0 2.437182 2.0308933 6.960606060606061 195345.0 270
800 129148.0 2.2299068 2.7677817 11.039393939393939 287988.0 237
1000 180422.0 2.1798062 1.4364803 11.366666666666667 393285.0 245
1200 229474.0 2.2176063 1.9632574 11.366666666666667 508883.0 251
1400 275878.0 2.225799 2.7121058 11.796969696969697 614049.0 269
1600 322607.0 2.2233057 2.790729 14.49090909090909 717254.0 322
1800 393403.0 2.216122 1.5658844 14.49090909090909 871829.0 269
