200 2402.0 1.558701 0.75 0.0 3744.0 655
400 36794.0 1.2547698 0.6864004 9.757575757575758 46168.0 1162
600 127259.0 1.0505975 0.75006866 9.757575757575758 133698.0 1678
800 267553.0 0.87223464 0.0010073483 17.05757575757576 233369.0 2116
1000 445891.0 0.79934555 1.5374155E-8 18.74848484848485 356421.0 2505
1200 690793.0 0.71425307 4.6566223E-10 18.74848484848485 493401.0 2908
1400 844468.0 0.6766319 0.00390625 19.906060606060606 571394.0 3359
1600 1018990.0 0.64576787 2.910383E-11 17.52121212121212 658031.0 3845
1800 1187407.0 0.62787735 0.12503052 17.52121212121212 745546.0 4385
2000 1266658.0 0.6196803 6.1130524E-4 15.021212121212121 784923.0 4957
2200 1336104.0 0.61824006 0.02392583 13.442424242424243 826033.0 5599
2400 1416494.0 0.61725146 0.22764778 13.442424242424243 874333.0 6193
2600 1502960.0 0.6123643 0.12557986 11.936363636363636 920359.0 6807
2800 1529946.0 0.6096215 0.008331303 8.175757575757576 932688.0 7472
3000 1554870.0 0.60580176 1.2712559E-7 8.175757575757576 941943.0 8171
3200 1584768.0 0.6002954 7.75913E-12 3.036363636363636 951329.0 8909
3400 1622253.0 0.5933199 2.9598733E-17 2.878787878787879 962515.0 9634
3600 1661862.0 0.58542526 4.516408E-22 2.878787878787879 972896.0 10345
3800 1694121.0 0.5797396 3.445746E-27 2.8181818181818183 982149.0 11083
4000 1705773.0 0.5780171 5.383978E-29 1.8909090909090909 985966.0 11792
4200 1705773.0 0.5780171 5.383978E-29 1.8909090909090909 985966.0 12499
4400 1705773.0 0.5780171 5.383978E-29 0.44545454545454544 985966.0 13228
4600 1705773.0 0.5780171 5.383978E-29 0.0 985966.0 13965
4800 1705773.0 0.5780171 5.383978E-29 0.0 985966.0 14676
5000 1705773.0 0.5780171 5.383978E-29 0.0 985966.0 15372
5200 1705773.0 0.5780171 5.383978E-29 0.0 985966.0 16121
200 2402.0 1.558701 0.75 0.0 3744.0 655
200 9680.0 3.4792356 5.378847 0.0 33679.0 246
400 51633.0 3.1436484 4.341873 12.242424242424242 162316.0 284
600 108271.0 2.8935263 2.081684 12.242424242424242 313285.0 331
800 170575.0 2.8034296 2.1562886 17.006060606060608 478195.0 362
1000 234059.0 2.7201688 2.9275994 19.73030303030303 636680.0 334
1200 308159.0 2.6132581 1.8832585 19.73030303030303 805299.0 317
1400 365174.0 2.5980737 1.638601 17.884848484848487 948749.0 396
1600 442001.0 2.5910485 2.4207683 21.066666666666666 1145246.0 358
1800 524747.0 2.5687351 2.727103 21.066666666666666 1347936.0 338
2000 588528.0 2.5706525 2.4009442 21.836363636363636 1512901.0 367
2200 657463.0 2.5623677 3.7136369 20.445454545454545 1684662.0 384
2400 742507.0 2.5417242 2.2413473 20.445454545454545 1887248.0 353
2600 810329.0 2.5518498 3.8748112 22.30909090909091 2067838.0 388
2800 882457.0 2.5452175 3.8993244 21.087878787878786 2246045.0 388
3000 968789.0 2.5031838 1.5046017 21.087878787878786 2425057.0 368
3200 1037078.0 2.4910247 2.20823 20.081818181818182 2583387.0 410
3400 1122262.0 2.4834049 1.9878395 20.684848484848484 2787031.0 414
3600 1199878.0 2.479838 1.7253003 20.684848484848484 2975503.0 431
3800 1284350.0 2.4653583 1.7596498 22.26060606060606 3166383.0 392
4000 1364151.0 2.4626584 2.631943 21.984848484848484 3359438.0 435
4200 1452540.0 2.4537678 1.7412417 21.984848484848484 3564196.0 414
4400 1540108.0 2.4404464 1.7070999 24.578787878787878 3758551.0 407
4600 1624920.0 2.43611 2.2808917 23.06969696969697 3958484.0 390
4800 1713963.0 2.4347112 3.4066782 23.06969696969697 4173005.0 310
5000 1770528.0 2.440292 1.8916724 22.445454545454545 4320605.0 374
5200 1840987.0 2.4334104 1.8084548 18.73939393939394 4479877.0 392
5400 1925389.0 2.4229872 1.8558701 18.73939393939394 4665193.0 357
5600 1997819.0 2.425933 2.4984992 20.466666666666665 4846575.0 349
5800 2065698.0 2.4291751 2.2937047 20.21818181818182 5017942.0 424
6000 2155049.0 2.42197 2.2673855 20.21818181818182 5219464.0 353
6200 2225149.0 2.4218433 1.9300251 21.845454545454544 5388962.0 349
6400 2285497.0 2.4246395 2.3257065 19.618181818181817 5541506.0 412
6600 2357821.0 2.4272661 1.7038258 19.618181818181817 5723059.0 413
6800 2443366.0 2.4204895 3.5202777 20.893939393939394 5914142.0 432
7000 2522218.0 2.4154265 3.866238 21.17878787878788 6092232.0 467
7200 2624023.0 2.403491 0.6508307 21.17878787878788 6306816.0 88
7400 2648390.0 2.397042 1.5538027 16.86969696969697 6348302.0 17
7600 2648390.0 2.397042 1.5538027 0.9727272727272728 6348302.0 17
7800 2648390.0 2.397042 1.5538027 0.9727272727272728 6348302.0 17
8000 2648390.0 2.397042 1.5538027 0.0 6348302.0 17
8200 2648390.0 2.397042 1.5538027 0.0 6348302.0 17
8400 2648390.0 2.397042 1.5538027 0.0 6348302.0 17
8600 2648390.0 2.397042 1.5538027 0.0 6348302.0 17
8800 2648390.0 2.397042 1.5538027 0.0 6348302.0 17
9000 2648390.0 2.397042 1.5538027 0.0 6348302.0 17
9200 2648390.0 2.397042 1.5538027 0.0 6348302.0 17
9400 2648390.0 2.397042 1.5538027 0.0 6348302.0 17
9600 2648390.0 2.397042 1.5538027 0.0 6348302.0 17
9800 2648390.0 2.397042 1.5538027 0.0 6348302.0 17
10000 2648390.0 2.397042 1.5538027 0.0 6348302.0 17
10200 2648390.0 2.397042 1.5538027 0.0 6348302.0 17
10400 2648390.0 2.397042 1.5538027 0.0 6348302.0 17
10600 2648390.0 2.397042 1.5538027 0.0 6348302.0 17
10800 2648390.0 2.397042 1.5538027 0.0 6348302.0 17
11000 2648390.0 2.397042 1.5538027 0.0 6348302.0 17
11200 2648390.0 2.397042 1.5538027 0.0 6348302.0 17
11400 2648390.0 2.397042 1.5538027 0.0 6348302.0 17
200 8767.0 3.3847382 3.470547 0.0 29674.0 255
400 53134.0 3.0135694 2.1580777 12.039393939393939 160123.0 288
600 109567.0 2.8474357 2.7295642 12.039393939393939 311985.0 335
800 175342.0 2.6909525 1.8107383 17.14242424242424 471837.0 374
1000 249177.0 2.6246364 3.3479748 20.71818181818182 653999.0 307
1200 311964.0 2.599361 2.994545 20.71818181818182 810907.0 307
1400 370028.0 2.6144643 2.646713 18.266666666666666 967425.0 364
1600 440895.0 2.586364 1.9051747 20.336363636363636 1140315.0 338
1800 514004.0 2.5737913 1.7618154 20.336363636363636 1322939.0 354
2000 586293.0 2.5730445 1.1068699 20.906060606060606 1508558.0 333
2200 648699.0 2.5925815 4.9852643 21.524242424242424 1681805.0 359
2400 721691.0 2.583391 2.4312632 21.524242424242424 1864410.0 359
2600 790598.0 2.5782168 2.9114137 21.966666666666665 2038333.0 393
2800 856479.0 2.565736 1.8532083 20.46060606060606 2197499.0 412
3000 928927.0 2.5557358 2.3091135 20.46060606060606 2374092.0 434
3200 993679.0 2.543765 2.1623514 19.01818181818182 2527686.0 481
3400 1062368.0 2.540408 2.106432 19.166666666666668 2698848.0 524
3600 1135939.0 2.5550852 3.0588012 19.166666666666668 2902421.0 540
3800 1213061.0 2.5308447 2.8958545 20.975757575757576 3070069.0 549
4000 1345792.0 2.4119768 1.6533828 21.16060606060606 3246019.0 599
4200 1479654.0 2.3186245 0.90393376 21.16060606060606 3430762.0 582
4400 1624891.0 2.253955 2.0740519 21.984848484848484 3662431.0 483
4600 1749806.0 2.2111359 2.3506746 24.83939393939394 3869059.0 447
4800 1838514.0 2.2049165 2.238275 24.83939393939394 4053770.0 420
5000 1929826.0 2.2034364 2.149621 22.406060606060606 4252249.0 415
5200 2040150.0 2.1793642 2.6768 21.37878787878788 4446230.0 361
5400 2117543.0 2.1839032 2.4624414 21.37878787878788 4624509.0 341
5600 2186122.0 2.1930811 2.629371 19.939393939393938 4794343.0 338
5800 2251709.0 2.204724 0.5456101 20.133333333333333 4964397.0 419
6000 2339808.0 2.2131345 1.1492378 20.133333333333333 5178310.0 344
6200 2409667.0 2.2206554 2.3350294 22.87878787878788 5351040.0 343
6400 2468924.0 2.2217002 2.397013 18.23939393939394 5485209.0 431
6600 2553505.0 2.2189903 2.0764146 18.23939393939394 5666203.0 422
6800 2642013.0 2.2205217 1.1382327 21.293939393939393 5866647.0 409
7000 2717179.0 2.2222657 1.8156856 20.472727272727273 6038294.0 439
7200 2808448.0 2.2206779 1.9614649 20.472727272727273 6236658.0 90
7400 2834802.0 2.2194567 1.2305315 17.578787878787878 6291720.0 13
7600 2836480.0 2.2191682 1.2788165 1.3303030303030303 6294626.0 10
7800 2836480.0 2.2191682 1.2788165 1.3303030303030303 6294626.0 10
8000 2836480.0 2.2191682 1.2788165 0.0 6294626.0 10
8200 2836480.0 2.2191682 1.2788165 0.0 6294626.0 10
8400 2836480.0 2.2191682 1.2788165 0.0 6294626.0 10
8600 2836480.0 2.2191682 1.2788165 0.0 6294626.0 10
8800 2836480.0 2.2191682 1.2788165 0.0 6294626.0 10
9000 2836480.0 2.2191682 1.2788165 0.0 6294626.0 10
9200 2836480.0 2.2191682 1.2788165 0.0 6294626.0 10
9400 2836480.0 2.2191682 1.2788165 0.0 6294626.0 10
9600 2836480.0 2.2191682 1.2788165 0.0 6294626.0 10
9800 2836480.0 2.2191682 1.2788165 0.0 6294626.0 10
10000 2836480.0 2.2191682 1.2788165 0.0 6294626.0 10
10200 2836480.0 2.2191682 1.2788165 0.0 6294626.0 10
10400 2836480.0 2.2191682 1.2788165 0.0 6294626.0 10
10600 2836480.0 2.2191682 1.2788165 0.0 6294626.0 10
10800 2836480.0 2.2191682 1.2788165 0.0 6294626.0 10
11000 2836480.0 2.2191682 1.2788165 0.0 6294626.0 10
11200 2836480.0 2.2191682 1.2788165 0.0 6294626.0 10
11400 2836480.0 2.2191682 1.2788165 0.0 6294626.0 10
11600 2836480.0 2.2191682 1.2788165 0.0 6294626.0 10
11800 2836480.0 2.2191682 1.2788165 0.0 6294626.0 10
12000 2836480.0 2.2191682 1.2788165 0.0 6294626.0 10
12200 2836480.0 2.2191682 1.2788165 0.0 6294626.0 10
12400 2836480.0 2.2191682 1.2788165 0.0 6294626.0 10
12600 2836480.0 2.2191682 1.2788165 0.0 6294626.0 10
12800 2836480.0 2.2191682 1.2788165 0.0 6294626.0 10
13000 2836480.0 2.2191682 1.2788165 0.0 6294626.0 10
13200 2836480.0 2.2191682 1.2788165 0.0 6294626.0 10
13400 2836480.0 2.2191682 1.2788165 0.0 6294626.0 10
13600 2836480.0 2.2191682 1.2788165 0.0 6294626.0 10
13800 2836480.0 2.2191682 1.2788165 0.0 6294626.0 10
14000 2836480.0 2.2191682 1.2788165 0.0 6294626.0 10
14200 2836480.0 2.2191682 1.2788165 0.0 6294626.0 10
14400 2836480.0 2.2191682 1.2788165 0.0 6294626.0 10
14600 2836480.0 2.2191682 1.2788165 0.0 6294626.0 10
14800 2836480.0 2.2191682 1.2788165 0.0 6294626.0 10
15000 2836480.0 2.2191682 1.2788165 0.0 6294626.0 10
15200 2836480.0 2.2191682 1.2788165 0.0 6294626.0 10
15400 2836480.0 2.2191682 1.2788165 0.0 6294626.0 10
15600 2836480.0 2.2191682 1.2788165 0.0 6294626.0 10
15800 2836480.0 2.2191682 1.2788165 0.0 6294626.0 10
16000 2836480.0 2.2191682 1.2788165 0.0 6294626.0 10
16200 2836480.0 2.2191682 1.2788165 0.0 6294626.0 10
16400 2836480.0 2.2191682 1.2788165 0.0 6294626.0 10
16600 2836480.0 2.2191682 1.2788165 0.0 6294626.0 10
16800 2836480.0 2.2191682 1.2788165 0.0 6294626.0 10
17000 2836480.0 2.2191682 1.2788165 0.0 6294626.0 10
17200 2836480.0 2.2191682 1.2788165 0.0 6294626.0 10
17400 2836480.0 2.2191682 1.2788165 0.0 6294626.0 10
17600 2836480.0 2.2191682 1.2788165 0.0 6294626.0 10
17800 2836480.0 2.2191682 1.2788165 0.0 6294626.0 10
18000 2836480.0 2.2191682 1.2788165 0.0 6294626.0 10
18200 2836480.0 2.2191682 1.2788165 0.0 6294626.0 10
18400 2836480.0 2.2191682 1.2788165 0.0 6294626.0 10
18600 2836480.0 2.2191682 1.2788165 0.0 6294626.0 10
18800 2836480.0 2.2191682 1.2788165 0.0 6294626.0 10
19000 2836480.0 2.2191682 1.2788165 0.0 6294626.0 10
19200 2836480.0 2.2191682 1.2788165 0.0 6294626.0 10
19400 2836480.0 2.2191682 1.2788165 0.0 6294626.0 10
19600 2836480.0 2.2191682 1.2788165 0.0 6294626.0 10
19800 2836480.0 2.2191682 1.2788165 0.0 6294626.0 10
20000 2836480.0 2.2191682 1.2788165 0.0 6294626.0 10
20200 2836480.0 2.2191682 1.2788165 0.0 6294626.0 10
20400 2836480.0 2.2191682 1.2788165 0.0 6294626.0 10
20600 2836480.0 2.2191682 1.2788165 0.0 6294626.0 10
20800 2836480.0 2.2191682 1.2788165 0.0 6294626.0 10
21000 2836480.0 2.2191682 1.2788165 0.0 6294626.0 10
21200 2836480.0 2.2191682 1.2788165 0.0 6294626.0 10
21400 2836480.0 2.2191682 1.2788165 0.0 6294626.0 10
21600 2836480.0 2.2191682 1.2788165 0.0 6294626.0 10
21800 2836480.0 2.2191682 1.2788165 0.0 6294626.0 10
22000 2836480.0 2.2191682 1.2788165 0.0 6294626.0 10
22200 2836480.0 2.2191682 1.2788165 0.0 6294626.0 10
22400 2836480.0 2.2191682 1.2788165 0.0 6294626.0 10
22600 2836480.0 2.2191682 1.2788165 0.0 6294626.0 10
22800 2836480.0 2.2191682 1.2788165 0.0 6294626.0 10
23000 2836480.0 2.2191682 1.2788165 0.0 6294626.0 10
23200 2836480.0 2.2191682 1.2788165 0.0 6294626.0 10
23400 2836480.0 2.2191682 1.2788165 0.0 6294626.0 10
23600 2836480.0 2.2191682 1.2788165 0.0 6294626.0 10
23800 2836480.0 2.2191682 1.2788165 0.0 6294626.0 10
24000 2836480.0 2.2191682 1.2788165 0.0 6294626.0 10
24200 2836480.0 2.2191682 1.2788165 0.0 6294626.0 10
24400 2836480.0 2.2191682 1.2788165 0.0 6294626.0 10
24600 2836480.0 2.2191682 1.2788165 0.0 6294626.0 10
24800 2836480.0 2.2191682 1.2788165 0.0 6294626.0 10
25000 2836480.0 2.2191682 1.2788165 0.0 6294626.0 10
25200 2836480.0 2.2191682 1.2788165 0.0 6294626.0 10
25400 2836480.0 2.2191682 1.2788165 0.0 6294626.0 10
25600 2836480.0 2.2191682 1.2788165 0.0 6294626.0 10
25800 2836480.0 2.2191682 1.2788165 0.0 6294626.0 10
26000 2836480.0 2.2191682 1.2788165 0.0 6294626.0 10
26200 2836480.0 2.2191682 1.2788165 0.0 6294626.0 10
26400 2836480.0 2.2191682 1.2788165 0.0 6294626.0 10
26600 2836480.0 2.2191682 1.2788165 0.0 6294626.0 10
26800 2836480.0 2.2191682 1.2788165 0.0 6294626.0 10
27000 2836480.0 2.2191682 1.2788165 0.0 6294626.0 10
27200 2836480.0 2.2191682 1.2788165 0.0 6294626.0 10
27400 2836480.0 2.2191682 1.2788165 0.0 6294626.0 10
27600 2836480.0 2.2191682 1.2788165 0.0 6294626.0 10
27800 2836480.0 2.2191682 1.2788165 0.0 6294626.0 10
28000 2836480.0 2.2191682 1.2788165 0.0 6294626.0 10
28200 2836480.0 2.2191682 1.2788165 0.0 6294626.0 10
28400 2836480.0 2.2191682 1.2788165 0.0 6294626.0 10
28600 2836480.0 2.2191682 1.2788165 0.0 6294626.0 10
28800 2836480.0 2.2191682 1.2788165 0.0 6294626.0 10
29000 2836480.0 2.2191682 1.2788165 0.0 6294626.0 10
29200 2836480.0 2.2191682 1.2788165 0.0 6294626.0 10
29400 2836480.0 2.2191682 1.2788165 0.0 6294626.0 10
29600 2836480.0 2.2191682 1.2788165 0.0 6294626.0 10
29800 2836480.0 2.2191682 1.2788165 0.0 6294626.0 10
30000 2836480.0 2.2191682 1.2788165 0.0 6294626.0 10
30200 2836480.0 2.2191682 1.2788165 0.0 6294626.0 10
30400 2836480.0 2.2191682 1.2788165 0.0 6294626.0 10
30600 2836480.0 2.2191682 1.2788165 0.0 6294626.0 10
30800 2836480.0 2.2191682 1.2788165 0.0 6294626.0 10
31000 2836480.0 2.2191682 1.2788165 0.0 6294626.0 10
200 5031.0 1.1329756 0.5864951 0.0 5700.0 110
400 26725.0 0.7296539 4.882817E-4 43.0 19500.0 159
600 51774.0 0.6547688 6.109476E-5 43.0 33900.0 179
800 86650.0 0.5631852 2.1535813E-19 71.66666666666667 48800.0 219
1000 118937.0 0.5204436 1.6212693E-5 75.16666666666667 61900.0 298
1200 167052.0 0.46871632 8.3200174E-32 75.16666666666667 78300.0 321
1400 217486.0 0.42945293 2.642842E-22 73.16666666666667 93400.0 356
1600 278062.0 0.39092 3.552715E-15 76.66666666666667 108700.0 380
1800 347009.0 0.36281478 0.0 76.66666666666667 125900.0 374
2000 408772.0 0.34787118 1.0 83.83333333333333 142200.0 411
2200 463711.0 0.3387886 3.6379788E-12 80.16666666666667 157100.0 458
2400 538713.0 0.32187825 0.25000262 80.16666666666667 173400.0 453
2600 617513.0 0.30477092 7.107856E-14 77.66666666666667 188200.0 486
2800 708806.0 0.28696147 0.0 72.16666666666667 203400.0 502
3000 796155.0 0.2728112 0.0 72.16666666666667 217200.0 569
3200 873708.0 0.26416147 4.770176E-6 73.83333333333333 230800.0 594
3400 984715.0 0.25205263 1.5207958E-37 76.0 248200.0 574
3600 1081854.0 0.2439331 2.5797635E-7 76.0 263900.0 621
3800 1188829.0 0.23443237 1.32E-43 79.0 278700.0 473
4000 1312695.0 0.22488087 0.0 79.66666666666667 295200.0 308
4200 1391997.0 0.21731369 0.0 79.66666666666667 302500.0 235
4400 1477727.0 0.20978165 0.0 49.166666666666664 310000.0 160
4600 1564337.0 0.20302531 0.0 36.833333333333336 317600.0 84
4800 1635240.0 0.1979526 0.0 36.833333333333336 323700.0 23
5000 1642587.0 0.19743246 0.0 31.666666666666668 324300.0 17
5200 1642587.0 0.19743246 0.0 1.3333333333333333 324300.0 17
5400 1642587.0 0.19743246 0.0 1.3333333333333333 324300.0 17
5600 1642587.0 0.19743246 0.0 0.0 324300.0 17
5800 1642587.0 0.19743246 0.0 0.0 324300.0 17
6000 1642587.0 0.19743246 0.0 0.0 324300.0 17
6200 1642587.0 0.19743246 0.0 0.0 324300.0 17
6400 1642587.0 0.19743246 0.0 0.0 324300.0 17
6600 1642587.0 0.19743246 0.0 0.0 324300.0 17
6800 1642587.0 0.19743246 0.0 0.0 324300.0 17
7000 1642587.0 0.19743246 0.0 0.0 324300.0 17
7200 1642587.0 0.19743246 0.0 0.0 324300.0 17
7400 1642587.0 0.19743246 0.0 0.0 324300.0 17
7600 1642587.0 0.19743246 0.0 0.0 324300.0 17
7800 1642587.0 0.19743246 0.0 0.0 324300.0 17
8000 1642587.0 0.19743246 0.0 0.0 324300.0 17
8200 1642587.0 0.19743246 0.0 0.0 324300.0 17
8400 1642587.0 0.19743246 0.0 0.0 324300.0 17
8600 1642587.0 0.19743246 0.0 0.0 324300.0 17
8800 1642587.0 0.19743246 0.0 0.0 324300.0 17
9000 1642587.0 0.19743246 0.0 0.0 324300.0 17
9200 1642587.0 0.19743246 0.0 0.0 324300.0 17
9400 1642587.0 0.19743246 0.0 0.0 324300.0 17
9600 1642587.0 0.19743246 0.0 0.0 324300.0 17
9800 1642587.0 0.19743246 0.0 0.0 324300.0 17
10000 1642587.0 0.19743246 0.0 0.0 324300.0 17
10200 1642587.0 0.19743246 0.0 0.0 324300.0 17
10400 1642587.0 0.19743246 0.0 0.0 324300.0 17
10600 1642587.0 0.19743246 0.0 0.0 324300.0 17
10800 1642587.0 0.19743246 0.0 0.0 324300.0 17
11000 1642587.0 0.19743246 0.0 0.0 324300.0 17
11200 1642587.0 0.19743246 0.0 0.0 324300.0 17
11400 1642587.0 0.19743246 0.0 0.0 324300.0 17
11600 1642587.0 0.19743246 0.0 0.0 324300.0 17
11800 1642587.0 0.19743246 0.0 0.0 324300.0 17
12000 1642587.0 0.19743246 0.0 0.0 324300.0 17
12200 1642587.0 0.19743246 0.0 0.0 324300.0 17
12400 1642587.0 0.19743246 0.0 0.0 324300.0 17
12600 1642587.0 0.19743246 0.0 0.0 324300.0 17
12800 1642587.0 0.19743246 0.0 0.0 324300.0 17
13000 1642587.0 0.19743246 0.0 0.0 324300.0 17
13200 1642587.0 0.19743246 0.0 0.0 324300.0 17
13400 1642587.0 0.19743246 0.0 0.0 324300.0 17
13600 1642587.0 0.19743246 0.0 0.0 324300.0 17
13800 1642587.0 0.19743246 0.0 0.0 324300.0 17
14000 1642587.0 0.19743246 0.0 0.0 324300.0 17
14200 1642587.0 0.19743246 0.0 0.0 324300.0 17
14400 1642587.0 0.19743246 0.0 0.0 324300.0 17
14600 1642587.0 0.19743246 0.0 0.0 324300.0 17
14800 1642587.0 0.19743246 0.0 0.0 324300.0 17
15000 1642587.0 0.19743246 0.0 0.0 324300.0 17
15200 1642587.0 0.19743246 0.0 0.0 324300.0 17
15400 1642587.0 0.19743246 0.0 0.0 324300.0 17
15600 1642587.0 0.19743246 0.0 0.0 324300.0 17
15800 1642587.0 0.19743246 0.0 0.0 324300.0 17
16000 1642587.0 0.19743246 0.0 0.0 324300.0 17
16200 1642587.0 0.19743246 0.0 0.0 324300.0 17
16400 1642587.0 0.19743246 0.0 0.0 324300.0 17
16600 1642587.0 0.19743246 0.0 0.0 324300.0 17
16800 1642587.0 0.19743246 0.0 0.0 324300.0 17
17000 1642587.0 0.19743246 0.0 0.0 324300.0 17
17200 1642587.0 0.19743246 0.0 0.0 324300.0 17
17400 1642587.0 0.19743246 0.0 0.0 324300.0 17
17600 1642587.0 0.19743246 0.0 0.0 324300.0 17
17800 1642587.0 0.19743246 0.0 0.0 324300.0 17
18000 1642587.0 0.19743246 0.0 0.0 324300.0 17
18200 1642587.0 0.19743246 0.0 0.0 324300.0 17
18400 1642587.0 0.19743246 0.0 0.0 324300.0 17
18600 1642587.0 0.19743246 0.0 0.0 324300.0 17
18800 1642587.0 0.19743246 0.0 0.0 324300.0 17
19000 1642587.0 0.19743246 0.0 0.0 324300.0 17
19200 1642587.0 0.19743246 0.0 0.0 324300.0 17
19400 1642587.0 0.19743246 0.0 0.0 324300.0 17
19600 1642587.0 0.19743246 0.0 0.0 324300.0 17
19800 1642587.0 0.19743246 0.0 0.0 324300.0 17
20000 1642587.0 0.19743246 0.0 0.0 324300.0 17
20200 1642587.0 0.19743246 0.0 0.0 324300.0 17
20400 1642587.0 0.19743246 0.0 0.0 324300.0 17
20600 1642587.0 0.19743246 0.0 0.0 324300.0 17
20800 1642587.0 0.19743246 0.0 0.0 324300.0 17
21000 1642587.0 0.19743246 0.0 0.0 324300.0 17
21200 1642587.0 0.19743246 0.0 0.0 324300.0 17
21400 1642587.0 0.19743246 0.0 0.0 324300.0 17
21600 1642587.0 0.19743246 0.0 0.0 324300.0 17
21800 1642587.0 0.19743246 0.0 0.0 324300.0 17
22000 1642587.0 0.19743246 0.0 0.0 324300.0 17
22200 1642587.0 0.19743246 0.0 0.0 324300.0 17
22400 1642587.0 0.19743246 0.0 0.0 324300.0 17
22600 1642587.0 0.19743246 0.0 0.0 324300.0 17
22800 1642587.0 0.19743246 0.0 0.0 324300.0 17
23000 1642587.0 0.19743246 0.0 0.0 324300.0 17
23200 1642587.0 0.19743246 0.0 0.0 324300.0 17
23400 1642587.0 0.19743246 0.0 0.0 324300.0 17
23600 1642587.0 0.19743246 0.0 0.0 324300.0 17
23800 1642587.0 0.19743246 0.0 0.0 324300.0 17
24000 1642587.0 0.19743246 0.0 0.0 324300.0 17
24200 1642587.0 0.19743246 0.0 0.0 324300.0 17
200 5477.0 1.0954902 0.0019571874 0.0 6000.0 107
200 759.0 0.743083 0.0 0.0 564.0 47
400 13911.0 0.51692903 0.0 13.428571428571429 7191.0 0
600 13911.0 0.51692903 0.0 13.428571428571429 7191.0 0
800 13911.0 0.51692903 0.0 1.1428571428571428 7191.0 0
1000 13911.0 0.51692903 0.0 0.0 7191.0 0
1200 13911.0 0.51692903 0.0 0.0 7191.0 0
1400 13911.0 0.51692903 0.0 0.0 7191.0 0
1600 13911.0 0.51692903 0.0 0.0 7191.0 0
1800 13911.0 0.51692903 0.0 0.0 7191.0 0
2000 13911.0 0.51692903 0.0 0.0 7191.0 0
2200 13911.0 0.51692903 0.0 0.0 7191.0 0
2400 13911.0 0.51692903 0.0 0.0 7191.0 0
2600 13911.0 0.51692903 0.0 0.0 7191.0 0
2800 13911.0 0.51692903 0.0 0.0 7191.0 0
3000 13911.0 0.51692903 0.0 0.0 7191.0 0
200 759.0 0.743083 0.0 0.0 564.0 47
200 759.0 0.743083 0.0 0.0 564.0 47
400 13911.0 0.51692903 0.0 13.428571428571429 7191.0 0
600 13911.0 0.51692903 0.0 13.428571428571429 7191.0 0
800 13911.0 0.51692903 0.0 1.1428571428571428 7191.0 0
200 1123.0 0.7533393 0.0 0.0 846.0 45
400 14015.0 0.5130931 0.0 13.214285714285714 7191.0 0
600 14015.0 0.5130931 0.0 13.214285714285714 7191.0 0
800 14015.0 0.5130931 0.0 1.3571428571428572 7191.0 0
1000 14015.0 0.5130931 0.0 0.0 7191.0 0
1200 14015.0 0.5130931 0.0 0.0 7191.0 0
1400 14015.0 0.5130931 0.0 0.0 7191.0 0
1600 14015.0 0.5130931 0.0 0.0 7191.0 0
1800 14015.0 0.5130931 0.0 0.0 7191.0 0
2000 14015.0 0.5130931 0.0 0.0 7191.0 0
2200 14015.0 0.5130931 0.0 0.0 7191.0 0
2400 14015.0 0.5130931 0.0 0.0 7191.0 0
2600 14015.0 0.5130931 0.0 0.0 7191.0 0
2800 14015.0 0.5130931 0.0 0.0 7191.0 0
3000 14015.0 0.5130931 0.0 0.0 7191.0 0
3200 14756.0 0.52554893 0.0 0.0 7755.0 96
3400 29469.0 0.49282297 0.0 19.785714285714285 14523.0 48
200 1123.0 0.7533393 0.0 0.0 846.0 45
200 1123.0 0.7533393 0.0 0.0 846.0 45
200 1123.0 0.7533393 0.0 0.0 846.0 45
200 1123.0 0.7533393 0.0 0.0 846.0 45
200 1123.0 0.7533393 0.0 0.0 846.0 45
200 1123.0 0.7533393 0.0 0.0 846.0 45
200 759.0 0.743083 0.0 0.0 564.0 47
400 13911.0 0.51692903 0.0 13.428571428571429 7191.0 0
200 759.0 0.743083 0.0 0.0 564.0 47
400 13911.0 0.51692903 0.0 13.428571428571429 7191.0 0
200 759.0 0.743083 0.0 0.0 564.0 47
200 759.0 0.743083 0.0 0.0 564.0 47
400 13911.0 0.51692903 0.0 13.428571428571429 7191.0 0
600 13911.0 0.51692903 0.0 13.428571428571429 7191.0 0
800 13911.0 0.51692903 0.0 1.1428571428571428 7191.0 0
200 759.0 0.743083 0.0 0.0 564.0 47
400 13911.0 0.51692903 0.0 13.428571428571429 7191.0 0
600 13911.0 0.51692903 0.0 13.428571428571429 7191.0 0
800 13911.0 0.51692903 0.0 1.1428571428571428 7191.0 0
1000 13911.0 0.51692903 0.0 0.0 7191.0 0
1200 13911.0 0.51692903 0.0 0.0 7191.0 0
1400 13911.0 0.51692903 0.0 0.0 7191.0 0
1600 13911.0 0.51692903 0.0 0.0 7191.0 0
1800 13911.0 0.51692903 0.0 0.0 7191.0 0
200 362.0 0.7790055 0.0 0.0 282.0 508
400 17276.0 0.48153508 0.0 15.714285714285714 8319.0 451
600 43869.0 0.35998085 0.0 15.714285714285714 15792.0 398
200 9381.0 3.346978 1.5918787 0.0 31398.0 255
200 5477.0 1.0954902 0.0019571874 0.0 6000.0 107
400 15855.0 1.0217597 1.0004883 38.833333333333336 16200.0 192
600 37282.0 0.7429859 0.06684363 38.833333333333336 27700.0 241
