200 3298.0 2.1109765 1.8154764 0.0 6962.0 216
400 30927.0 1.6447765 1.0029297 5.215151515151515 50868.0 344
200 3298.0 2.1109765 1.8154764 0.0 6962.0 216
400 30180.0 1.6250166 1.0 5.233333333333333 49043.0 349
600 79568.0 1.4445757 0.980468 5.233333333333333 114942.0 440
200 3298.0 2.1109765 1.8154764 0.0 6962.0 216
400 30180.0 1.6250166 1.0 5.233333333333333 49043.0 349
200 3096.0 2.0352068 1.752963 0.0 6301.0 219
400 31153.0 1.646904 1.0166025 5.351515151515152 51306.0 341
200 7119.0 2.8183734 2.0307717 0.0 20064.0 176
400 32876.0 2.2850409 1.0388253 6.2696969696969695 75123.0 292
600 73752.0 2.068432 1.102453 6.2696969696969695 152551.0 373
800 134014.0 1.8249063 1.2800756 10.296969696969697 244563.0 352
1000 212922.0 1.6544557 0.48660168 11.884848484848485 352270.0 375
1200 278134.0 1.5835353 0.67148006 11.884848484848485 440435.0 456
1400 358680.0 1.5152922 0.9109244 11.736363636363636 543505.0 483
1600 447181.0 1.4870019 1.5139949 15.084848484848484 664959.0 486
1800 544783.0 1.4681699 1.1943551 15.084848484848484 799834.0 468
2000 636095.0 1.4571786 1.429883 15.5 926904.0 462
2200 738828.0 1.4596131 1.0568838 15.575757575757576 1078403.0 418
2400 814116.0 1.4588879 1.0458466 15.575757575757576 1187704.0 469
2600 903289.0 1.4524533 1.5087087 14.227272727272727 1311985.0 460
2800 990235.0 1.4463668 1.4173481 14.578787878787878 1432243.0 487
3000 1069063.0 1.4341195 0.99173045 14.578787878787878 1533164.0 488
3200 1167431.0 1.4125897 0.68142116 13.215151515151515 1649101.0 514
3400 1267234.0 1.4016804 1.5177569 14.136363636363637 1776257.0 527
200 6146.0 2.5997396 1.7705257 0.0 15978.0 345
400 39661.0 1.968735 0.6868633 7.893939393939394 78082.0 601
600 87354.0 1.5764476 1.1597322 7.893939393939394 137709.0 877
800 162892.0 1.3493726 0.9065559 12.851515151515152 219802.0 1025
1000 262551.0 1.1847527 0.07001646 15.44848484848485 311058.0 1235
1200 406660.0 1.0417548 0.61359656 15.44848484848485 423640.0 1427
1400 565082.0 0.95771056 0.51274157 17.724242424242423 541185.0 1605
1600 753653.0 0.867163 0.7600403 19.3 653540.0 1766
1800 917737.0 0.83475006 0.62657285 19.3 766081.0 1968
2000 1073880.0 0.795885 0.008422864 20.830303030303032 854685.0 2209
2200 1258074.0 0.7623582 0.008789331 19.56969696969697 959103.0 2430
2400 1449847.0 0.7295321 0.062561154 19.56969696969697 1057710.0 2704
2600 1578692.0 0.7186405 1.2207031E-4 16.1 1134512.0 2999
2800 1701394.0 0.7075692 8.34465E-6 13.012121212121212 1203854.0 3281
3000 1792582.0 0.6970833 0.05210018 13.012121212121212 1249579.0 3588
3200 1833276.0 0.6954043 0.74129486 9.354545454545455 1274868.0 3961
3400 1854208.0 0.6972233 1.0682944 6.963636363636364 1292797.0 4326
3600 1860236.0 0.7012315 1.273561 6.963636363636364 1304456.0 4726
3800 1865733.0 0.7051475 1.5411807 4.86969696969697 1315617.0 5088
4000 1871412.0 0.70924574 3.0203054 4.069696969696969 1327291.0 5473
4200 1875510.0 0.71225214 2.2059004 4.069696969696969 1335836.0 5868
4400 1877113.0 0.713835 1.726857 3.7484848484848485 1339949.0 6295
4600 1879748.0 0.7158667 1.773898 2.878787878787879 1345649.0 6708
4800 1881278.0 0.71682173 2.2741933 2.878787878787879 1348541.0 7102
