200 6259.0 3.7450073 3.4227557 0.0 23440.0 129
400 30642.0 3.1841264 3.775734 6.587878787878788 97568.0 154
600 54203.0 3.1876833 4.109617 6.587878787878788 172782.0 191
800 88892.0 2.954383 6.189762 8.966666666666667 262621.0 149
1000 127518.0 2.7648175 7.100201 8.672727272727272 352564.0 153
1200 160211.0 2.8163733 3.1918092 8.672727272727272 451214.0 167
1400 191137.0 2.878438 2.552198 10.909090909090908 550176.0 184
1600 229217.0 2.8935986 3.7784429 11.687878787878788 663262.0 153
1800 257082.0 2.9418395 2.4657793 11.687878787878788 756294.0 182
2000 300512.0 2.9145324 2.835889 11.275757575757575 875852.0 118
2200 325051.0 2.9526567 5.0496864 10.766666666666667 959764.0 120
2400 348879.0 2.9971423 2.250018 10.766666666666667 1045640.0 155
2600 378540.0 3.013737 2.8142176 9.99090909090909 1140820.0 144
2800 408242.0 3.031109 2.2901454 10.603030303030303 1237426.0 163
3000 436708.0 3.0453255 3.2301586 10.603030303030303 1329918.0 146
3200 461733.0 3.0639958 2.7248244 10.32121212121212 1414748.0 190
3400 491144.0 3.0711257 3.2089715 10.103030303030303 1508365.0 212
3600 527579.0 3.039755 3.1166272 10.103030303030303 1603711.0 217
3800 575820.0 2.9508648 1.6294023 11.127272727272727 1699167.0 213
4000 622146.0 2.879448 1.6128125 11.306060606060607 1791437.0 209
4200 670065.0 2.8502667 2.9940152 11.306060606060607 1909864.0 180
4400 711688.0 2.8412366 3.1370015 11.94848484848485 2022074.0 175
4600 746688.0 2.8535373 3.1108906 12.89090909090909 2130702.0 156
4800 783941.0 2.8458111 2.7730641 12.89090909090909 2230948.0 135
5000 810462.0 2.8602698 2.4386172 10.963636363636363 2318140.0 158
5200 840372.0 2.868019 2.961609 10.6 2410203.0 188
5400 879642.0 2.8726573 2.2970028 10.6 2526910.0 182
5600 909062.0 2.8890328 3.599553 12.021212121212121 2626310.0 174
5800 941789.0 2.8915107 3.4863405 11.645454545454545 2723193.0 194
6000 978198.0 2.9003484 3.466339 11.645454545454545 2837115.0 177
6200 1013081.0 2.8849945 1.827513 11.184848484848485 2922733.0 206
6400 1065816.0 2.8568065 1.9169382 12.403030303030302 3044830.0 153
6600 1098467.0 2.8616261 5.076892 12.403030303030302 3143402.0 155
6800 1127047.0 2.8660588 2.1669254 11.287878787878787 3230183.0 176
7000 1158031.0 2.8731399 3.2253544 10.672727272727272 3327185.0 175
7200 1190453.0 2.8769586 2.1811311 10.672727272727272 3424884.0 194
7400 1237962.0 2.8586466 1.9731026 10.872727272727273 3538896.0 179
7600 1278595.0 2.8557222 3.1706154 12.912121212121212 3651312.0 148
7800 1308715.0 2.861247 2.8642287 12.912121212121212 3744557.0 164
8000 1342558.0 2.8636312 2.1498604 10.712121212121213 3844591.0 154
8200 1375879.0 2.8681867 2.437141 10.93030303030303 3946278.0 143
8400 1410135.0 2.8650265 2.3962357 10.93030303030303 4040074.0 144
8600 1440419.0 2.8654828 2.304471 10.724242424242425 4127496.0 182
8800 1476572.0 2.8683214 3.3927064 11.306060606060607 4235283.0 138
9000 1504826.0 2.873677 2.3299122 11.306060606060607 4324384.0 183
9200 1541270.0 2.8747487 2.322198 11.512121212121212 4430764.0 177
9400 1566883.0 2.8798373 3.6716554 10.896969696969697 4512368.0 211
9600 1614736.0 2.8658655 3.1506846 10.896969696969697 4627616.0 164
9800 1649264.0 2.8668928 3.3542418 11.636363636363637 4728263.0 153
10000 1686244.0 2.8691092 2.4616456 11.936363636363636 4838018.0 147
10200 1717069.0 2.8748536 6.8665614 11.936363636363636 4936322.0 155
10400 1747054.0 2.8814955 1.3834107 11.727272727272727 5034128.0 164
10600 1784520.0 2.8828228 3.2186086 11.563636363636364 5144455.0 144
10800 1814456.0 2.8853502 3.1617353 11.563636363636364 5235341.0 168
11000 1847767.0 2.8896267 2.974543 11.654545454545454 5339357.0 183
11200 1884274.0 2.8909416 2.444913 11.796969696969697 5447326.0 175
11400 1919819.0 2.897159 2.6714823 11.796969696969697 5562021.0 136
11600 1945782.0 2.903335 3.7307806 11.875757575757575 5649257.0 164
11800 1975463.0 2.907447 3.1046352 11.506060606060606 5743554.0 202
12000 2014993.0 2.9057174 3.6651726 11.506060606060606 5855000.0 161
12200 2053542.0 2.9040613 2.9419556 12.466666666666667 5963612.0 147
12400 2081377.0 2.9017572 2.2779746 10.43030303030303 6039651.0 167
12600 2116215.0 2.9030282 3.3456225 10.43030303030303 6143432.0 143
12800 2145965.0 2.9069939 3.8010688 11.212121212121213 6238307.0 188
13000 2178289.0 2.9134336 3.030343 12.36969696969697 6346300.0 179
13200 2215824.0 2.91537 3.534536 12.36969696969697 6459947.0 162
13400 2249337.0 2.915669 3.7494087 12.127272727272727 6558322.0 183
13600 2287667.0 2.9165196 3.314122 12.524242424242424 6672026.0 158
13800 2318426.0 2.9170697 2.7716415 12.524242424242424 6763010.0 160
14000 2349992.0 2.9203086 2.245066 11.566666666666666 6862702.0 167
14200 2382916.0 2.9233842 2.6058269 11.76060606060606 6966179.0 160
14400 2418398.0 2.923915 2.0466042 11.76060606060606 7071190.0 183
14600 2451440.0 2.9257755 3.7216074 12.090909090909092 7172363.0 177
14800 2487072.0 2.924935 2.255776 11.360606060606061 7274524.0 150
15000 2516218.0 2.9270504 3.0688486 11.360606060606061 7365097.0 160
15200 2548904.0 2.9304411 2.371781 10.981818181818182 7469413.0 188
15400 2578578.0 2.9336984 3.8887086 12.187878787878788 7564770.0 216
15600 2611709.0 2.9340298 5.923519 12.187878787878788 7662832.0 199
15800 2637945.0 2.9312646 2.3349025 11.166666666666666 7732515.0 248
16000 2681282.0 2.9196239 2.9026215 10.209090909090909 7828335.0 272
16200 2726825.0 2.9085445 1.3255619 10.209090909090909 7931092.0 245
16400 2789323.0 2.8798935 3.726604 11.272727272727273 8032953.0 239
16600 2847272.0 2.8627124 2.249549 11.727272727272727 8150921.0 198
16800 2888470.0 2.8569667 3.6733494 11.727272727272727 8252263.0 193
17000 2916030.0 2.8573747 2.1593206 11.648484848484848 8332190.0 216
17200 2960779.0 2.8515172 3.0683067 10.824242424242424 8442712.0 192
17400 3018749.0 2.833855 3.203891 10.824242424242424 8554697.0 164
17600 3049226.0 2.8370318 2.677844 11.621212121212121 8650751.0 199
17800 3083516.0 2.8397825 3.1064742 11.33030303030303 8756515.0 178
18000 3115930.0 2.8401003 2.4664135 11.33030303030303 8849554.0 194
18200 3147988.0 2.8398607 2.337522 11.127272727272727 8939847.0 201
18400 3178692.0 2.8397067 2.0534818 10.381818181818181 9026553.0 219
18600 3224719.0 2.8309796 1.2323835 10.381818181818181 9129114.0 223
18800 3275959.0 2.822906 2.1980834 12.003030303030304 9247724.0 194
19000 3309425.0 2.825402 2.211568 11.860606060606061 9350456.0 201
19200 3343957.0 2.823937 2.2239356 11.860606060606061 9443124.0 206
19400 3378005.0 2.824464 2.581556 11.215151515151515 9541054.0 217
19600 3446837.0 2.797083 3.8378298 11.215151515151515 9641089.0 208
19800 3493088.0 2.7940476 3.7680554 11.215151515151515 9759854.0 162
20000 3523450.0 2.7962656 3.0778513 12.43030303030303 9852502.0 181
20200 3554309.0 2.801256 1.9416571 11.327272727272728 9956529.0 193
20400 3590367.0 2.8024817 4.009284 11.327272727272728 1.0061938E7 185
20600 3626909.0 2.8036187 4.4802074 11.012121212121212 1.016847E7 173
20800 3660211.0 2.8032556 3.1169744 10.887878787878789 1.0260507E7 190
21000 3709926.0 2.7945495 3.3205404 10.887878787878789 1.0367572E7 175
21200 3749628.0 2.7904859 2.115116 11.333333333333334 1.0463284E7 177
21400 3782171.0 2.791886 1.8499129 11.50909090909091 1.0559391E7 203
21600 3826009.0 2.7905703 2.4188125 11.50909090909091 1.0676747E7 185
21800 3868125.0 2.787969 1.967803 13.336363636363636 1.0784213E7 166
22000 3906800.0 2.7894228 2.3976834 12.072727272727272 1.0897717E7 143
22200 3936027.0 2.7944958 2.0155783 12.072727272727272 1.0999211E7 151
22400 3963792.0 2.7972958 4.712133 11.327272727272728 1.1087899E7 163
22600 3997648.0 2.8005166 3.8168616 11.76060606060606 1.119548E7 178
22800 4029434.0 2.80251 1.9589019 11.76060606060606 1.1292529E7 172
23000 4062186.0 2.8029964 3.052339 11.612121212121211 1.1386293E7 187
23200 4095447.0 2.8027833 2.1799567 11.60909090909091 1.147865E7 220
23400 4137042.0 2.8015141 1.811913 11.60909090909091 1.1589982E7 193
23600 4180062.0 2.7978182 2.6430736 11.9 1.1695053E7 165
23800 4211312.0 2.79765 2.520844 10.796969696969697 1.1781777E7 208
24000 4239911.0 2.797548 2.8812227 10.796969696969697 1.1861355E7 252
24200 4284358.0 2.78915 3.3466637 9.893939393939394 1.1949717E7 281
24400 4345482.0 2.7806463 3.0952795 13.43939393939394 1.2083249E7 241
24600 4404576.0 2.7691061 3.6399472 13.43939393939394 1.2196739E7 229
24800 4457951.0 2.7606127 2.3815823 14.172727272727272 1.2306676E7 195
25000 4496932.0 2.7617958 2.5977714 12.654545454545454 1.2419608E7 171
25200 4533598.0 2.763304 5.095633 12.654545454545454 1.252771E7 179
25400 4565907.0 2.765456 2.4351654 12.515151515151516 1.2626815E7 165
25600 4597646.0 2.7665615 2.4223497 11.56060606060606 1.271967E7 196
25800 4636223.0 2.7656727 3.13237 11.56060606060606 1.2822275E7 189
26000 4677870.0 2.7631721 2.5722833 11.654545454545454 1.292576E7 185
26200 4712083.0 2.7634418 1.9929403 11.442424242424243 1.3021567E7 194
26400 4747409.0 2.7634904 1.4975252 11.442424242424243 1.3119419E7 218
26600 4795061.0 2.7578871 2.0870693 11.469696969696969 1.3224237E7 178
26800 4836544.0 2.7579727 1.7851423 12.315151515151515 1.3339056E7 166
27000 4867069.0 2.7593775 4.6769285 12.315151515151515 1.3430081E7 177
27200 4905028.0 2.7595122 6.7934847 11.478787878787879 1.3535484E7 173
27400 4934259.0 2.7608767 4.534418 11.621212121212121 1.3622881E7 193
27600 4968590.0 2.7619116 2.338026 11.621212121212121 1.3722806E7 187
27800 5010550.0 2.757014 2.655421 11.036363636363637 1.3814157E7 189
28000 5055437.0 2.7519495 2.5423071 10.9 1.3912308E7 175
28200 5092754.0 2.7530174 7.2101045 10.9 1.402044E7 153
28400 5119314.0 2.7555642 3.9465344 12.0 1.4106598E7 193
28600 5154146.0 2.75757 1.677288 11.648484848484848 1.4212918E7 177
28800 5185836.0 2.7583964 3.144025 11.648484848484848 1.4304591E7 212
29000 5231513.0 2.7566948 3.784216 11.215151515151515 1.4421685E7 204
29200 5270547.0 2.7540114 6.7720027 12.67878787878788 1.4515146E7 207
29400 5308786.0 2.752705 2.984313 12.67878787878788 1.4613522E7 202
29600 5360423.0 2.7489464 4.2193985 11.469696969696969 1.4735516E7 177
29800 5393777.0 2.750288 2.4819126 12.142424242424243 1.483444E7 184
30000 5433178.0 2.7508976 3.2402391 12.142424242424243 1.4946117E7 181
30200 5469527.0 2.7527237 4.227667 11.536363636363637 1.5056096E7 149
30400 5500282.0 2.7540605 3.2250767 11.257575757575758 1.514811E7 170
30600 5533060.0 2.7554107 2.4953084 11.257575757575758 1.5245853E7 153
30800 5559697.0 2.7563236 2.895248 11.515151515151516 1.5324324E7 207
31000 5601542.0 2.7568681 3.0949216 12.248484848484848 1.5442712E7 201
31200 5641176.0 2.7568088 2.4752462 12.248484848484848 1.5551643E7 169
31400 5671280.0 2.755237 3.0440047 11.218181818181819 1.5625721E7 225
31600 5705039.0 2.7548735 1.8060639 11.424242424242424 1.5716661E7 219
31800 5757966.0 2.7505782 1.3035676 11.424242424242424 1.5837735E7 189
32000 5797239.0 2.750118 2.9731345 11.2 1.5943092E7 196
32200 5833556.0 2.751302 2.4366655 11.709090909090909 1.6049875E7 179
32400 5871976.0 2.7491326 3.2821386 11.709090909090909 1.6142841E7 176
32600 5911882.0 2.7475674 4.1378007 10.527272727272727 1.6243294E7 175
32800 5943520.0 2.7498121 3.5435753 11.342424242424242 1.6343564E7 166
33000 5978748.0 2.7514725 3.02807 11.342424242424242 1.645036E7 145
33200 6007022.0 2.752051 2.5675418 11.336363636363636 1.6531631E7 175
33400 6038250.0 2.752686 2.3641162 10.706060606060607 1.6621407E7 198
33600 6076194.0 2.7534764 2.048161 10.706060606060607 1.6730657E7 156
33800 6105086.0 2.754215 2.1291904 11.73939393939394 1.681472E7 165
34000 6144465.0 2.7496266 3.2409854 9.878787878787879 1.6894984E7 186
34200 6174773.0 2.7509804 2.4977624 9.878787878787879 1.698668E7 194
34400 6203417.0 2.7524374 2.4254403 10.403030303030302 1.7074516E7 205
34600 6269735.0 2.742188 2.7648847 11.33939393939394 1.7192792E7 196
34800 6308311.0 2.7419853 4.4491735 11.33939393939394 1.7297296E7 218
35000 6349134.0 2.741592 2.7074757 12.527272727272727 1.7406734E7 218
35200 6379303.0 2.7414312 2.206706 11.433333333333334 1.748842E7 244
35400 6422887.0 2.7386525 1.445184 11.433333333333334 1.7590056E7 229
35600 6469308.0 2.7339919 2.3207235 11.336363636363636 1.7687036E7 238
35800 6510082.0 2.7296872 2.037759 10.942424242424243 1.7770488E7 267
36000 6574326.0 2.7209659 2.1758628 10.942424242424243 1.7888516E7 238
36200 6621903.0 2.7181158 3.2203555 11.842424242424242 1.79991E7 196
36400 6676064.0 2.7108815 1.3307858 10.972727272727273 1.8098018E7 209
36600 6714577.0 2.7104206 2.9549277 10.972727272727273 1.8199328E7 216
36800 6752571.0 2.7089446 2.3415225 12.157575757575758 1.829234E7 230
37000 6791502.0 2.7091804 2.7335625 11.72121212121212 1.8399404E7 225
37200 6840466.0 2.7036655 0.77645475 11.72121212121212 1.8494332E7 219
37400 6881781.0 2.7019534 5.107664 10.872727272727273 1.8594252E7 214
37600 6930812.0 2.6976862 2.4235616 11.209090909090909 1.8697156E7 199
37800 6972621.0 2.6964748 2.3584375 11.209090909090909 1.8801496E7 185
38000 7015841.0 2.6941595 3.6094182 11.987878787878788 1.8901794E7 191
38200 7042476.0 2.6956046 3.4000716 10.336363636363636 1.898373E7 196
38400 7082256.0 2.6960936 3.5502706 10.336363636363636 1.9094424E7 195
38600 7109654.0 2.696947 2.2165732 11.703030303030303 1.917436E7 230
38800 7152647.0 2.6972508 2.183309 11.836363636363636 1.9292484E7 169
39000 7177320.0 2.6990943 2.6167827 11.836363636363636 1.9372264E7 230
39200 7231468.0 2.6953244 4.6754637 10.909090909090908 1.9491152E7 193
39400 7269621.0 2.6934643 2.7311833 11.27878787878788 1.9580464E7 217
39600 7299682.0 2.693989 1.1597335 11.27878787878788 1.9665264E7 270
39800 7334550.0 2.694598 3.6955914 11.73030303030303 1.9763664E7 299
40000 7416738.0 2.6853147 3.5301914 13.315151515151515 1.9916276E7 198
40200 7445043.0 2.6865962 1.3126695 13.315151515151515 2.0001824E7 206
40400 7488127.0 2.6844273 3.3347356 11.115151515151515 2.0101332E7 221
40600 7526536.0 2.6833475 2.6762977 11.166666666666666 2.0196312E7 235
40800 7568813.0 2.6817884 2.5716605 11.166666666666666 2.0297956E7 221
41000 7596581.0 2.682915 2.6684961 10.86969696969697 2.038098E7 251
41200 7638496.0 2.6810255 2.9393313 10.972727272727273 2.0479002E7 250
41400 7681515.0 2.6812856 2.831805 10.972727272727273 2.0596336E7 222
41600 7709262.0 2.6826837 2.0919747 12.596969696969698 2.0681512E7 246
41800 7836021.0 2.6550412 2.4532685 12.066666666666666 2.0804958E7 212
42000 7909408.0 2.6462438 2.9773774 12.066666666666666 2.0930222E7 202
42200 7946659.0 2.645827 3.3690038 13.645454545454545 2.1025486E7 197
42400 7987788.0 2.6454132 1.6518636 11.26969696969697 2.1131E7 178
42600 8030326.0 2.6440337 1.9439371 11.26969696969697 2.1232452E7 195
42800 8065090.0 2.6457074 3.2585478 11.872727272727273 2.1337868E7 165
43000 8099662.0 2.6467113 2.6911392 11.163636363636364 2.1437468E7 156
43200 8128472.0 2.6475258 3.698013 11.163636363636364 2.152034E7 181
43400 8157409.0 2.6472092 2.5616755 10.506060606060606 2.1594368E7 37
43600 8159839.0 2.6470404 1.892819 3.257575757575758 2.1599424E7 29
43800 8168670.0 2.6454916 1.0000136 3.257575757575758 2.1610148E7 13
44000 8168670.0 2.6454916 1.0000136 0.4696969696969697 2.1610148E7 13
44200 8168670.0 2.6454916 1.0000136 0.0 2.1610148E7 13
200 5670.0 3.4887125 3.9175782 0.0 19781.0 137
400 32060.0 2.8258266 2.3363473 6.075757575757576 90596.0 170
600 61568.0 2.7728202 2.6382008 6.075757575757576 170717.0 196
800 105747.0 2.5683565 2.4454405 9.533333333333333 271596.0 126
1000 132344.0 2.6114519 2.7583163 9.16060606060606 345610.0 160
1200 161814.0 2.636762 1.9538269 9.16060606060606 426665.0 190
1400 191422.0 2.6290553 1.7453685 9.43030303030303 503259.0 234
1600 239183.0 2.614404 3.1821587 11.924242424242424 625321.0 217
1800 279792.0 2.6348753 2.3457208 11.924242424242424 737217.0 218
2000 323002.0 2.604829 2.0824366 11.933333333333334 841365.0 189
2200 355792.0 2.6298876 2.7787418 11.481818181818182 935693.0 182
2400 391543.0 2.629489 3.0121584 11.481818181818182 1029558.0 207
2600 427195.0 2.6482098 1.9230363 10.587878787878788 1131302.0 187
2800 492171.0 2.481916 4.41488 11.236363636363636 1221527.0 201
3000 528359.0 2.47625 1.3086227 11.236363636363636 1308349.0 177
3200 569366.0 2.465697 2.7917519 10.681818181818182 1403884.0 198
3400 607576.0 2.472359 4.3920207 10.651515151515152 1502146.0 196
3600 649048.0 2.4767814 2.178238 10.651515151515152 1607550.0 197
3800 684539.0 2.487566 1.8763518 11.427272727272728 1702836.0 198
4000 724971.0 2.488094 3.1310182 10.984848484848484 1803796.0 203
4200 769343.0 2.4962351 6.135221 10.984848484848484 1920461.0 177
4400 808313.0 2.4947045 3.31425 11.766666666666667 2016502.0 182
4600 844533.0 2.4976454 2.8865795 10.99090909090909 2109344.0 188
4800 886154.0 2.503232 2.5282924 10.99090909090909 2218249.0 154
5000 914519.0 2.5106761 2.0729501 11.26060606060606 2296061.0 199
5200 955069.0 2.5121891 1.9285474 11.10909090909091 2399314.0 200
5400 995564.0 2.5182097 2.5031133 11.10909090909091 2507039.0 208
5600 1037031.0 2.5258656 3.234426 12.606060606060606 2619401.0 173
5800 1074130.0 2.535841 4.829543 11.878787878787879 2723823.0 166
6000 1109920.0 2.5402544 3.9636827 11.878787878787879 2819479.0 174
6200 1145001.0 2.5465987 1.6799968 11.5 2915858.0 195
6400 1187707.0 2.553404 3.2031417 11.872727272727273 3032696.0 156
6600 1220820.0 2.5599391 2.2197304 11.872727272727273 3125225.0 174
6800 1257078.0 2.5637367 2.2182488 10.218181818181819 3222817.0 161
7000 1287254.0 2.5731962 1.8230784 9.806060606060607 3312357.0 158
7200 1318206.0 2.5817285 2.0109859 9.806060606060607 3403250.0 187
7400 1350903.0 2.5886328 1.5323777 9.790909090909091 3496992.0 208
7600 1396107.0 2.5916345 2.9893184 12.275757575757575 3618199.0 168
7800 1431992.0 2.599749 5.0592165 12.275757575757575 3722820.0 166
8000 1464608.0 2.6007376 2.3354678 11.587878787878788 3809061.0 184
8200 1501819.0 2.594742 1.9116926 10.236363636363636 3896833.0 180
8400 1541201.0 2.5946376 2.4934154 10.236363636363636 3998858.0 157
8600 1570228.0 2.5970128 2.4209504 11.048484848484849 4077902.0 199
8800 1609144.0 2.5990272 1.3243845 10.515151515151516 4182209.0 157
9000 1644337.0 2.6027985 1.352567 10.515151515151516 4279878.0 182
9200 1677951.0 2.6059897 3.912172 10.481818181818182 4372723.0 187
9400 1715227.0 2.6061974 3.1164482 11.027272727272727 4470220.0 179
9600 1752066.0 2.6123798 3.1921358 11.027272727272727 4577062.0 158
9800 1782567.0 2.6163268 2.5989454 11.0 4663778.0 171
10000 1818051.0 2.6199474 2.3978848 10.827272727272728 4763198.0 168
10200 1853377.0 2.619595 2.0468452 10.827272727272728 4855097.0 186
10400 1889278.0 2.6208794 1.9233449 10.915151515151516 4951570.0 184
10600 1928501.0 2.6235833 4.3380527 11.409090909090908 5059583.0 169
10800 1958192.0 2.6228333 1.3879461 11.409090909090908 5136011.0 218
11000 2004366.0 2.621814 3.1328216 11.13030303030303 5255075.0 184
11200 2034999.0 2.6263993 2.559833 11.63030303030303 5344720.0 207
11400 2071703.0 2.6265676 1.9362541 11.63030303030303 5441468.0 200
11600 2105629.0 2.6288173 2.2298615 10.16060606060606 5535314.0 215
11800 2147684.0 2.6242492 2.3974316 10.906060606060606 5636058.0 240
12000 2198917.0 2.6119525 1.4675994 10.906060606060606 5743467.0 210
12200 2243846.0 2.6129785 3.4737864 12.293939393939393 5863121.0 192
12400 2283770.0 2.6089063 2.7592916 11.6 5958142.0 189
12600 2322221.0 2.6074104 2.0821252 11.6 6054983.0 185
12800 2360355.0 2.6039588 1.5740516 10.912121212121212 6146267.0 237
13000 2405362.0 2.6019647 2.5609732 12.242424242424242 6258667.0 226
13200 2452126.0 2.6006894 3.112555 12.242424242424242 6377218.0 200
13400 2494369.0 2.5997624 1.9934644 12.3 6484767.0 211
13600 2535822.0 2.6015415 3.03422 12.351515151515152 6597046.0 188
13800 2574929.0 2.6007755 2.3674183 12.351515151515152 6696812.0 173
14000 2607822.0 2.6056666 3.0345201 11.621212121212121 6795115.0 179
14200 2646680.0 2.6085858 3.0934856 11.036363636363637 6904092.0 159
14400 2680599.0 2.6118715 2.6535976 11.036363636363637 7001380.0 186
14600 2714497.0 2.614357 2.4280589 11.618181818181819 7096664.0 186
14800 2754264.0 2.615616 1.919919 10.933333333333334 7204097.0 152
15000 2786673.0 2.615993 3.2919316 10.933333333333334 7289917.0 173
15200 2819925.0 2.616848 2.0006156 10.3 7379315.0 228
15400 2861349.0 2.6186097 2.0901039 12.681818181818182 7492756.0 223
15600 2904688.0 2.6177304 1.9180074 12.681818181818182 7603690.0 182
15800 2938200.0 2.6159577 1.5506508 11.663636363636364 7686207.0 199
16000 2978052.0 2.615415 2.579564 10.487878787878788 7788842.0 219
16200 3023784.0 2.6138854 3.2326972 10.487878787878788 7903825.0 178
16400 3059065.0 2.61182 2.2137756 11.984848484848484 7989727.0 233
16600 3107054.0 2.6123338 2.0073361 11.963636363636363 8116662.0 182
16800 3146999.0 2.6107693 1.0823522 11.963636363636363 8216088.0 172
17000 3182367.0 2.612394 2.3432403 11.342424242424242 8313597.0 166
17200 3215397.0 2.615361 2.4279404 10.806060606060607 8409424.0 161
17400 3248810.0 2.6158798 1.5917549 10.806060606060607 8498496.0 178
17600 3286799.0 2.6175406 3.7950938 10.378787878787879 8603330.0 180
17800 3318919.0 2.6205096 3.1192765 11.27878787878788 8697259.0 170
18000 3354995.0 2.620619 3.2622385 11.27878787878788 8792164.0 180
18200 3388571.0 2.622371 1.5189829 10.766666666666667 8886090.0 183
18400 3425841.0 2.6210876 1.995225 10.533333333333333 8979429.0 173
18600 3461175.0 2.6221712 3.1995106 10.533333333333333 9075793.0 196
18800 3502271.0 2.6194315 1.7497535 11.36969696969697 9173959.0 191
19000 3537370.0 2.6172965 2.9393435 10.421212121212122 9258346.0 197
19200 3572669.0 2.6144624 3.4881911 10.421212121212122 9340609.0 211
19400 3622876.0 2.6104798 2.463334 11.245454545454546 9457445.0 180
19600 3656489.0 2.611041 2.119877 10.872727272727273 9547243.0 200
19800 3699656.0 2.610424 2.4857936 10.872727272727273 9657671.0 183
20000 3736482.0 2.6089861 1.9682419 11.445454545454545 9748430.0 195
20200 3779205.0 2.6088254 2.494791 11.142424242424243 9859286.0 193
20400 3818479.0 2.6090052 2.1118531 11.142424242424243 9962432.0 185
20600 3857156.0 2.6091528 2.7270837 11.17878787878788 1.0063909E7 175
20800 3890499.0 2.6089396 1.2203075 10.724242424242425 1.0150077E7 192
21000 3928023.0 2.608978 2.29615 10.724242424242425 1.0248126E7 190
21200 3966059.0 2.608677 2.4987698 10.754545454545454 1.0346167E7 190
21400 4004138.0 2.609626 3.983868 11.006060606060606 1.0449303E7 203
21600 4044315.0 2.608996 2.560066 11.006060606060606 1.0551601E7 216
21800 4083637.0 2.6080627 2.2357497 11.681818181818182 1.0650382E7 211
22000 4126126.0 2.6065543 2.3947191 11.518181818181818 1.0754971E7 209
22200 4176408.0 2.6046762 3.7296758 11.518181818181818 1.0878191E7 188
22400 4211843.0 2.605405 3.2753491 12.763636363636364 1.0973557E7 177
22600 4247942.0 2.6063704 4.161368 11.55151515151515 1.107171E7 219
22800 4287787.0 2.6058085 3.5471368 11.55151515151515 1.1173152E7 202
23000 4317272.0 2.6053064 3.3712592 11.887878787878789 1.1247816E7 255
23200 4365599.0 2.6038954 2.2120988 12.075757575757576 1.1367563E7 250
23400 4419079.0 2.601432 3.1282573 12.075757575757576 1.1495934E7 204
23600 4459538.0 2.600838 1.6744679 12.60909090909091 1.1598536E7 174
23800 4491273.0 2.6008725 2.0600524 10.23939393939394 1.1681229E7 204
24000 4532879.0 2.5995603 2.1571772 10.23939393939394 1.1783492E7 204
24200 4565175.0 2.6001534 2.7565079 11.790909090909091 1.1870155E7 251
24400 4613599.0 2.5984035 2.142197 12.018181818181818 1.1987992E7 236
24600 4653125.0 2.5982099 2.5704622 12.018181818181818 1.2089795E7 257
24800 4696493.0 2.5971377 1.9665794 12.045454545454545 1.2197439E7 249
25000 4747943.0 2.592419 1.710962 11.44848484848485 1.2308657E7 237
25200 4794110.0 2.593181 1.7714863 11.44848484848485 1.2431995E7 223
25400 4832139.0 2.59415 2.7817478 12.072727272727272 1.2535294E7 196
25600 4869886.0 2.5946188 3.7957838 11.896969696969697 1.2635498E7 223
25800 4909186.0 2.5939844 2.4737558 11.896969696969697 1.2734352E7 218
26000 4951393.0 2.5922348 2.3440251 11.136363636363637 1.2835173E7 221
26200 4988445.0 2.5924525 1.7539624 11.166666666666666 1.2932307E7 224
26400 5097817.0 2.5588934 2.0979 11.166666666666666 1.3044771E7 209
26600 5137174.0 2.5583396 3.2721655 11.772727272727273 1.3142636E7 195
26800 5179966.0 2.5585985 2.0804424 12.324242424242424 1.3253453E7 209
27000 5219581.0 2.5594847 1.6884876 12.324242424242424 1.3359438E7 191
27200 5257230.0 2.5599291 3.2018967 11.60909090909091 1.3458136E7 207
27400 5298701.0 2.5588186 2.00105 10.9 1.3558415E7 198
27600 5341002.0 2.5587707 3.003483 10.9 1.3666399E7 171
27800 5375203.0 2.5602536 1.8215672 11.175757575757576 1.3761883E7 176
28000 5409962.0 2.5609024 2.7756305 10.442424242424243 1.3854384E7 188
28200 5448336.0 2.56105 5.8910956 10.442424242424243 1.395346E7 194
28400 5490546.0 2.5615723 2.4289675 11.733333333333333 1.4064431E7 193
28600 5526591.0 2.5621464 2.5476189 11.163636363636364 1.4159936E7 179
28800 5561171.0 2.5629547 2.1340327 11.163636363636364 1.4253029E7 217
29000 5603859.0 2.5637605 2.2413418 11.43939393939394 1.4366952E7 222
29200 5651908.0 2.5613353 2.2321427 11.73030303030303 1.4476431E7 194
29400 5687626.0 2.5619488 1.9726267 11.73030303030303 1.4571406E7 186
29600 5721113.0 2.5613782 1.7793913 10.10909090909091 1.4653935E7 217
29800 5760564.0 2.5603592 1.4112434 11.681818181818182 1.4749113E7 223
30000 5806381.0 2.5588057 1.2271354 11.681818181818182 1.4857401E7 222
30200 5850676.0 2.5576668 3.6288135 11.775757575757575 1.496408E7 194
30400 5893093.0 2.5579736 2.6495361 11.26969696969697 1.5074377E7 187
30600 5927334.0 2.558508 2.252565 11.26969696969697 1.5165131E7 193
30800 5963905.0 2.557712 3.6615686 11.290909090909091 1.5253952E7 236
31000 6007480.0 2.556999 2.17742 11.690909090909091 1.536112E7 231
31200 6054147.0 2.5567799 3.0044096 11.690909090909091 1.5479121E7 195
31400 6098024.0 2.5536203 3.399365 11.954545454545455 1.5572038E7 220
31600 6138225.0 2.553315 2.006782 11.536363636363637 1.5672822E7 210
31800 6184669.0 2.5532744 1.7089036 11.536363636363637 1.5791157E7 195
32000 6223438.0 2.5538902 2.3690205 11.94848484848485 1.5893978E7 212
32200 6262003.0 2.554637 2.8681376 12.081818181818182 1.5997144E7 216
32400 6310316.0 2.5533373 3.7559326 12.081818181818182 1.6112366E7 188
32600 6345844.0 2.5534017 1.8562169 11.451515151515151 1.6203489E7 226
32800 6392391.0 2.5519507 2.0145085 11.969696969696969 1.6313067E7 200
33000 6430780.0 2.5521517 1.5665146 11.969696969696969 1.6412326E7 202
33200 6472644.0 2.5510786 2.7495522 11.66969696969697 1.6512224E7 211
33400 6508523.0 2.5511515 2.002381 11.681818181818182 1.6604228E7 228
33600 6558661.0 2.5507405 3.0339313 11.681818181818182 1.6729442E7 183
33800 6595742.0 2.5511177 2.944832 11.966666666666667 1.6826514E7 181
34000 6634727.0 2.5510476 2.7641613 10.27878787878788 1.6925504E7 169
34200 6665777.0 2.5523057 1.8998237 10.27878787878788 1.70131E7 176
34400 6702894.0 2.5539775 2.2271276 10.17878787878788 1.711904E7 161
34600 6732923.0 2.5555716 2.4298868 10.13030303030303 1.7206466E7 220
34800 6773846.0 2.5563285 2.5227714 10.13030303030303 1.7316176E7 233
35000 6819067.0 2.5575087 3.9918137 12.969696969696969 1.7439824E7 222
35200 6863627.0 2.5565543 1.2402059 13.766666666666667 1.7547236E7 230
35400 6910660.0 2.5560079 2.7814589 13.766666666666667 1.7663702E7 196
35600 6953177.0 2.5556307 2.4858108 12.284848484848485 1.7769752E7 192
35800 6991860.0 2.55638 2.960876 11.884848484848485 1.7873852E7 196
36000 7029764.0 2.5573888 3.5295653 11.884848484848485 1.797784E7 208
36200 7065897.0 2.5579665 2.4764628 12.133333333333333 1.8074328E7 216
36400 7109540.0 2.5576086 2.7324154 11.10909090909091 1.818342E7 207
36600 7147229.0 2.5572052 2.7637277 11.10909090909091 1.8276932E7 222
36800 7187510.0 2.5562809 1.6935134 10.818181818181818 1.8373294E7 226
37000 7235306.0 2.554214 6.1818585 11.224242424242425 1.848052E7 212
37200 7279751.0 2.5530777 2.7605424 11.224242424242425 1.858577E7 199
37400 7320764.0 2.5531888 1.4141939 11.078787878787878 1.8691292E7 178
37600 7359786.0 2.5514069 2.0676053 10.578787878787878 1.8777808E7 194
37800 7402248.0 2.5512326 2.869651 10.578787878787878 1.8884856E7 186
38000 7443121.0 2.550706 2.5456567 11.727272727272727 1.8985212E7 188
38200 7479119.0 2.55008 1.9435577 10.351515151515152 1.9072352E7 181
38400 7514786.0 2.5509343 1.8643891 10.351515151515152 1.9169726E7 191
38600 7548163.0 2.5514283 4.799207 11.581818181818182 1.9258596E7 217
38800 7596062.0 2.5514355 3.0093482 11.66969696969697 1.9380862E7 173
39000 7629671.0 2.552131 2.0855327 11.66969696969697 1.947192E7 212
39200 7673780.0 2.5515895 2.286417 10.960606060606061 1.9580336E7 176
39400 7706705.0 2.5522876 2.4144437 10.672727272727272 1.9669728E7 204
39600 7743668.0 2.5517426 2.532737 10.672727272727272 1.9759848E7 233
39800 7783385.0 2.550473 2.389376 10.942424242424243 1.9851314E7 271
40000 7841492.0 2.5476964 1.9086195 12.424242424242424 1.997774E7 220
40200 7892181.0 2.5451941 1.300322 12.424242424242424 2.0087132E7 178
40400 7927572.0 2.5444896 1.8606598 11.636363636363637 2.0171624E7 189
40600 7968081.0 2.5447109 2.3444934 10.454545454545455 2.0276462E7 180
40800 8002006.0 2.544114 2.0925565 10.454545454545455 2.0358016E7 204
41000 8044486.0 2.5433733 2.1788716 10.8 2.0460132E7 197
41200 8085618.0 2.5436544 3.119975 11.545454545454545 2.0567018E7 170
41400 8121103.0 2.5437565 1.1260229 11.545454545454545 2.0658108E7 186
41600 8152811.0 2.5445654 2.6912158 10.536363636363637 2.0745362E7 209
41800 8198138.0 2.542897 2.9411063 10.681818181818182 2.084702E7 203
42000 8236622.0 2.5430634 3.7275178 10.681818181818182 2.0946252E7 216
42200 8281776.0 2.5438218 2.7509327 12.018181818181818 2.1067362E7 171
42400 8310521.0 2.5439005 2.5710182 11.033333333333333 2.1141138E7 215
42600 8357648.0 2.5427833 1.6620227 11.033333333333333 2.1251688E7 227
42800 8400803.0 2.5416667 2.4233913 11.593939393939394 2.1352042E7 207
43000 8436221.0 2.541153 1.8637383 12.190909090909091 2.1437728E7 216
43200 8484851.0 2.5402606 2.4711637 12.190909090909091 2.1553732E7 202
43400 8521629.0 2.53946 1.2132516 11.327272727272728 2.1640336E7 41
43600 8529651.0 2.538885 1.25782 4.054545454545455 2.1655804E7 16
43800 8530063.0 2.5388396 1.1289101 4.054545454545455 2.1656462E7 15
44000 8530063.0 2.5388396 1.1289101 0.20303030303030303 2.1656462E7 15
