200 15287.0 1.633414 1.0 0.0 24970.0 1191
400 97118.0 1.1927243 0.17892607 44.888888888888886 115835.0 1874
600 244846.0 0.9620741 0.28233364 44.888888888888886 235560.0 2709
800 397643.0 0.86812794 2.8129013E-23 68.02777777777777 345205.0 3841
1000 591051.0 0.765983 0.0 64.70833333333333 452735.0 5001
1200 823464.0 0.67040575 0.0 64.70833333333333 552055.0 6137
1400 1051393.0 0.60846895 0.0 55.875 639740.0 7359
1600 1442949.0 0.51848334 0.0 60.875 748145.0 8749
1800 1759919.0 0.47530597 0.0 60.875 836500.0 10314
2000 2032268.0 0.4430149 0.0 59.125 900325.0 11987
2200 2057805.0 0.43984488 0.0 30.680555555555557 905115.0 14005
2400 2057805.0 0.43984488 0.0 30.680555555555557 905115.0 15901
2600 2057805.0 0.43984488 0.0 2.9722222222222223 905115.0 17805
200 15287.0 1.633414 1.0 0.0 24970.0 1191
400 106925.0 1.1654431 0.28846288 45.875 124615.0 1838
200 15287.0 1.633414 1.0 0.0 24970.0 1191
400 97118.0 1.1927243 0.17892607 44.888888888888886 115835.0 1874
600 244846.0 0.9620741 0.28233364 44.888888888888886 235560.0 2709
800 397643.0 0.86812794 2.8129013E-23 68.02777777777777 345205.0 3841
1000 591051.0 0.765983 0.0 64.70833333333333 452735.0 5001
1200 823464.0 0.67040575 0.0 64.70833333333333 552055.0 6137
1400 1051393.0 0.60846895 0.0 55.875 639740.0 7359
1600 1442949.0 0.51848334 0.0 60.875 748145.0 8749
1800 1759919.0 0.47530597 0.0 60.875 836500.0 10314
2000 2032268.0 0.4430149 0.0 59.125 900325.0 11987
2200 2057805.0 0.43984488 0.0 30.680555555555557 905115.0 14005
2400 2057805.0 0.43984488 0.0 30.680555555555557 905115.0 15901
2600 2057805.0 0.43984488 0.0 2.9305555555555554 905115.0 17805
2800 2057805.0 0.43984488 0.0 0.0 905115.0 19711
3000 2057805.0 0.43984488 0.0 0.0 905115.0 21700
3200 2057805.0 0.43984488 0.0 0.0 905115.0 23574
3400 2057805.0 0.43984488 0.0 0.0 905115.0 25161
3600 2057805.0 0.43984488 0.0 0.0 905115.0 26778
3800 2057805.0 0.43984488 0.0 0.0 905115.0 26778
4000 2057805.0 0.43984488 0.0 0.0 905115.0 26778
4200 2057805.0 0.43984488 0.0 0.0 905115.0 26778
4400 2057805.0 0.43984488 0.0 0.0 905115.0 26778
4600 2057805.0 0.43984488 0.0 0.0 905115.0 26778
4800 2057805.0 0.43984488 0.0 0.0 905115.0 26778
5000 2057805.0 0.43984488 0.0 0.0 905115.0 26778
200 15287.0 1.633414 1.0 0.0 24970.0 1191
400 97118.0 1.1927243 0.17892607 44.888888888888886 115835.0 1874
600 244846.0 0.9620741 0.28233364 44.888888888888886 235560.0 2709
800 397643.0 0.86812794 2.8129013E-23 68.02777777777777 345205.0 3841
1000 591051.0 0.765983 0.0 64.70833333333333 452735.0 5001
