200 7266.0 2.8380127 2.2422647 0.0 20621.0 175
400 35196.0 2.4543414 1.2082635 6.709090909090909 86383.0 265
600 72591.0 2.2218595 1.1735089 6.709090909090909 161287.0 351
800 138727.0 1.9359101 1.257076 10.057575757575757 268563.0 293
1000 211201.0 1.8444989 1.0198157 12.50909090909091 389560.0 279
1200 268000.0 1.8572649 2.3567758 12.50909090909091 497747.0 306
1400 326495.0 1.8733304 2.7342181 12.675757575757576 611633.0 302
1600 384627.0 1.9257774 2.8575954 14.13030303030303 740706.0 321
1800 441392.0 1.9285465 1.0060215 14.13030303030303 851245.0 348
2000 508670.0 1.9020426 2.0686078 13.357575757575757 967512.0 348
2200 585279.0 1.9010028 2.1605115 15.033333333333333 1112617.0 313
2400 645941.0 1.9067391 1.8474283 15.033333333333333 1231641.0 346
2600 708812.0 1.910731 1.4655372 14.315151515151515 1354349.0 345
2800 788732.0 1.917039 1.4029655 15.0 1512030.0 311
3000 849461.0 1.9206626 1.7457677 15.0 1631528.0 285
3200 906031.0 1.9313269 1.6569157 14.112121212121211 1749842.0 314
3400 970836.0 1.9420973 2.1041331 15.209090909090909 1885458.0 326
3600 1030556.0 1.9508556 1.6484226 15.209090909090909 2010466.0 339
3800 1093564.0 1.9416138 1.7606382 14.460606060606061 2123279.0 345
4000 1158528.0 1.9264178 2.202307 12.77878787878788 2231809.0 375
4200 1223433.0 1.9135907 1.0307335 12.77878787878788 2341150.0 407
4400 1302243.0 1.887862 1.5586656 12.936363636363636 2458455.0 426
4600 1385759.0 1.8646814 0.8528024 14.636363636363637 2583999.0 407
4800 1474838.0 1.8421582 1.1015819 14.636363636363637 2716885.0 386
5000 1556838.0 1.8289038 1.1274052 14.015151515151516 2847307.0 378
5200 1629258.0 1.8186573 1.2613355 14.396969696969697 2963062.0 393
5400 1694032.0 1.8082179 1.3570485 14.396969696969697 3063179.0 438
5600 1770194.0 1.7949151 1.7220762 12.803030303030303 3177348.0 421
5800 1892976.0 1.770657 1.0821315 15.690909090909091 3351811.0 344
6000 1964562.0 1.7651863 0.91039294 15.690909090909091 3467818.0 347
6200 2029544.0 1.7634311 1.4488832 13.675757575757576 3578961.0 389
6400 2079321.0 1.7621613 2.7555943 13.357575757575757 3664099.0 467
6600 2156966.0 1.7479302 0.6130929 13.357575757575757 3770226.0 514
6800 2275531.0 1.7335879 1.2844533 14.621212121212121 3944833.0 435
7000 2374771.0 1.7272121 1.1386738 16.560606060606062 4101733.0 416
7200 2477686.0 1.7266704 0.44203588 16.560606060606062 4278147.0 356
7400 2551827.0 1.7229925 2.145516 15.651515151515152 4396779.0 381
7600 2623871.0 1.7263254 1.0696168 15.409090909090908 4529655.0 376
7800 2698142.0 1.7307343 2.3020413 15.409090909090908 4669767.0 364
8000 2775672.0 1.7351629 2.0748246 15.645454545454545 4816243.0 346
8200 2852696.0 1.7379633 1.0395453 14.572727272727272 4957881.0 300
8400 2909872.0 1.742165 1.8861448 14.572727272727272 5069477.0 299
8600 2964933.0 1.7430984 2.797567 12.645454545454545 5168170.0 357
8800 3029126.0 1.742009 1.6135923 13.16969696969697 5276765.0 374
9000 3104792.0 1.7393346 1.0371271 13.16969696969697 5400272.0 408
9200 3164018.0 1.7362648 1.3793199 13.287878787878787 5493573.0 459
9400 3247184.0 1.7296535 1.8051568 13.878787878787879 5616503.0 490
9600 3336803.0 1.7178949 1.1064126 13.878787878787879 5732277.0 490
9800 3455348.0 1.7022989 1.4867342 14.66969696969697 5882035.0 412
10000 3555405.0 1.697506 1.8172312 16.02121212121212 6035321.0 365
10200 3634356.0 1.700351 1.0044005 16.02121212121212 6179681.0 346
10400 3712375.0 1.7011627 1.8994884 15.43939393939394 6315354.0 344
10600 3774184.0 1.7029604 1.9063681 13.751515151515152 6427286.0 372
10800 3846403.0 1.7051983 1.7620578 13.751515151515152 6558880.0 398
11000 3925067.0 1.7035401 1.443924 14.775757575757575 6686509.0 400
11200 3997520.0 1.7042218 2.0498636 15.254545454545454 6812661.0 417
11400 4075379.0 1.6998497 1.0084333 15.254545454545454 6927532.0 410
11600 4162569.0 1.6952589 1.9560549 14.006060606060606 7056632.0 392
11800 4242079.0 1.6947304 3.9554553 14.451515151515151 7189180.0 428
12000 4314318.0 1.6938235 1.1577361 14.451515151515151 7307693.0 447
12200 4409400.0 1.6896958 1.48645 15.693939393939393 7450545.0 390
12400 4497274.0 1.6900749 1.2353848 16.64848484848485 7600730.0 334
12600 4569157.0 1.691091 1.3447651 16.64848484848485 7726860.0 341
12800 4629334.0 1.691083 1.1690671 13.603030303030303 7828588.0 431
13000 4714251.0 1.6876354 0.9672468 14.378787878787879 7955937.0 423
13200 4803406.0 1.686431 1.763284 14.378787878787879 8100613.0 360
13400 4867974.0 1.6871722 0.9357195 13.766666666666667 8213110.0 402
13600 4941125.0 1.686047 1.3184068 13.4 8330969.0 417
13800 5019539.0 1.6831813 1.0985422 13.4 8448794.0 427
14000 5113668.0 1.6780467 0.9944784 14.484848484848484 8580974.0 433
14200 5204665.0 1.675471 1.5694985 13.651515151515152 8720265.0 392
14400 5281941.0 1.6715281 0.84313774 13.651515151515152 8828913.0 428
14600 5363103.0 1.6687806 0.78348327 13.215151515151515 8949842.0 411
14800 5455851.0 1.667667 1.95798 15.33939393939394 9098543.0 371
15000 5537947.0 1.6682853 2.1397638 15.33939393939394 9238875.0 347
15200 5609958.0 1.669112 0.962273 14.445454545454545 9363648.0 408
15400 5675632.0 1.6698623 1.1241037 14.44848484848485 9477524.0 430
15600 5762322.0 1.6716101 0.7891083 14.44848484848485 9632356.0 368
15800 5846855.0 1.6712587 1.3580247 15.106060606060606 9771607.0 333
16000 5908966.0 1.6723613 1.7228575 13.63030303030303 9881926.0 417
16200 5971015.0 1.6716511 1.8479366 13.63030303030303 9981454.0 450
16400 6058250.0 1.6677614 0.31430066 14.257575757575758 1.0103716E7 471
16600 6167163.0 1.6639719 1.1286899 14.8 1.0261986E7 402
16800 6243337.0 1.6621999 1.4372349 14.8 1.0377674E7 404
17000 6328787.0 1.6605126 1.0010233 14.55151515151515 1.050903E7 392
17200 6400715.0 1.6598876 1.353245 15.00909090909091 1.0624467E7 379
17400 6471820.0 1.6597043 0.76820326 15.00909090909091 1.0741308E7 394
17600 6556557.0 1.6606213 1.3267839 14.745454545454546 1.0887958E7 402
17800 6636763.0 1.6617342 2.0618107 15.287878787878787 1.1028536E7 374
18000 6712172.0 1.6627088 1.9178346 15.287878787878787 1.1160387E7 379
18200 6791346.0 1.6627614 1.6295233 14.639393939393939 1.1292388E7 374
18400 6859396.0 1.6628821 1.9418098 13.190909090909091 1.1406367E7 358
18600 6925516.0 1.6621422 0.50866944 13.190909090909091 1.1511192E7 418
18800 7010447.0 1.6611006 0.87467015 13.142424242424243 1.1645058E7 406
19000 7085016.0 1.660496 1.3857813 13.106060606060606 1.1764641E7 420
19200 7160373.0 1.6595259 1.0468907 13.106060606060606 1.1882824E7 454
19400 7272148.0 1.6558236 1.1923826 14.266666666666667 1.2041394E7 404
19600 7356851.0 1.654717 1.2712129 15.224242424242425 1.2173506E7 412
19800 7436881.0 1.655353 1.0681198 15.224242424242425 1.2310663E7 396
20000 7516718.0 1.6567466 1.259832 16.03939393939394 1.2453297E7 382
20200 7596001.0 1.6577915 2.5646493 14.66060606060606 1.2592586E7 384
20400 7653462.0 1.6586592 2.4402442 14.66060606060606 1.2694485E7 425
20600 7716605.0 1.6595092 2.506577 11.878787878787879 1.2805777E7 455
20800 7793543.0 1.6560946 1.1627759 12.960606060606061 1.2906844E7 503
21000 7896027.0 1.6505995 1.1736815 12.960606060606061 1.3033178E7 498
21200 8029267.0 1.643839 0.22587186 14.881818181818181 1.3198822E7 428
21400 8119583.0 1.6417196 1.4303333 15.518181818181818 1.3330078E7 439
21600 8213674.0 1.6397159 1.3495392 15.518181818181818 1.3468092E7 452
21800 8297990.0 1.6392422 1.4917176 14.872727272727273 1.3602415E7 434
22000 8387023.0 1.6374437 1.2313509 15.33030303030303 1.3733278E7 431
22200 8459223.0 1.6367998 0.9445839 15.33030303030303 1.3846055E7 478
22400 8516693.0 1.6360706 1.3105338 12.463636363636363 1.3933911E7 544
22600 8587303.0 1.6345003 0.72073054 12.43030303030303 1.4035949E7 621
22800 8639056.0 1.6346228 1.01172 12.43030303030303 1.4121598E7 693
23000 8715881.0 1.6326953 2.3145332 12.884848484848485 1.4230378E7 738
23200 8777947.0 1.6313901 1.3450592 12.3 1.4320256E7 839
23400 8831504.0 1.631754 1.6835349 12.3 1.4410842E7 933
23600 8885023.0 1.6320006 1.7391131 11.539393939393939 1.4500363E7 1011
23800 8922685.0 1.6332777 1.7183614 9.706060606060607 1.4573222E7 1129
24000 8950654.0 1.6347865 2.3752794 9.706060606060607 1.4632408E7 1275
24200 8979450.0 1.6362643 2.9151402 9.26060606060606 1.4692754E7 1426
24400 9009245.0 1.6374115 1.5242362 8.421212121212122 1.4751841E7 1563
24600 9041026.0 1.6384203 1.8241553 8.421212121212122 1.4813001E7 1705
24800 9062768.0 1.6398711 1.7137831 7.6909090909090905 1.4861771E7 1841
25000 9078636.0 1.6411024 2.4204273 5.63030303030303 1.4898972E7 2004
25200 9094823.0 1.641966 1.8881226 5.63030303030303 1.493339E7 2211
25400 9113693.0 1.6426646 2.192365 5.318181818181818 1.497074E7 2362
25600 9120501.0 1.6435056 2.926811 4.927272727272728 1.4989594E7 2573
25800 9123574.0 1.6438893 2.1923795 4.927272727272728 1.4998146E7 2791
26000 9128882.0 1.6440715 3.6891248 3.0 1.5008534E7 3020
26200 9133186.0 1.6447377 3.317679 3.090909090909091 1.5021696E7 3231
26400 9135845.0 1.6451613 2.034898 3.090909090909091 1.5029938E7 3471
26600 9137587.0 1.6453778 2.7735739 2.6818181818181817 1.5034782E7 3683
26800 9138869.0 1.6456585 3.2340755 2.275757575757576 1.5039457E7 3931
27000 9144388.0 1.6456162 3.0450864 2.275757575757576 1.5048153E7 4156
27200 9144780.0 1.6456808 2.5056357 2.9454545454545453 1.5049389E7 4401
27400 9146167.0 1.6459279 2.9990344 2.581818181818182 1.5053931E7 4633
27600 9147798.0 1.6462313 3.8613276 2.581818181818182 1.5059391E7 4851
27800 9149504.0 1.6465507 3.2217848 2.5424242424242425 1.5065122E7 5090
28000 9150691.0 1.6467668 2.6883664 2.0575757575757576 1.5069054E7 5307
28200 9157259.0 1.6464683 2.6715827 2.0575757575757576 1.5077137E7 5550
28400 9159563.0 1.6468302 2.9658613 1.790909090909091 1.5084245E7 5792
28600 9160660.0 1.647054 3.019398 1.7575757575757576 1.5088101E7 6004
28800 9163703.0 1.6467468 0.047026545 1.7575757575757576 1.5090298E7 6265
29000 9165139.0 1.6467673 3.5626836 1.5636363636363637 1.5092851E7 6536
29200 9165364.0 1.6468241 3.5703354 1.3 1.5093742E7 6788
29400 9165532.0 1.6468587 3.1425838 1.3 1.5094336E7 7013
29600 9165532.0 1.6468587 3.1425838 0.8545454545454545 1.5094336E7 7265
29800 9165775.0 1.6469122 3.017823 1.1151515151515152 1.5095227E7 7511
30000 9166192.0 1.6469994 3.250557 1.1151515151515152 1.5096712E7 7761
30200 9166192.0 1.6469994 3.250557 1.0727272727272728 1.5096712E7 7995
30400 9166192.0 1.6469994 3.250557 0.6363636363636364 1.5096712E7 8244
30600 9166192.0 1.6469994 3.250557 0.6363636363636364 1.5096712E7 8464
30800 9166192.0 1.6469994 3.250557 0.7303030303030303 1.5096712E7 8730
31000 9166192.0 1.6469994 3.250557 0.5666666666666667 1.5096712E7 8984
31200 9166192.0 1.6469994 3.250557 0.5666666666666667 1.5096712E7 9232
31400 9166192.0 1.6469994 3.250557 0.3303030303030303 1.5096712E7 9493
31600 9166192.0 1.6469994 3.250557 0.32727272727272727 1.5096712E7 9730
31800 9166192.0 1.6469994 3.250557 0.32727272727272727 1.5096712E7 9984
32000 9166192.0 1.6469994 3.250557 0.23939393939393938 1.5096712E7 10261
32200 9166192.0 1.6469994 3.250557 0.1606060606060606 1.5096712E7 10503
32400 9166192.0 1.6469994 3.250557 0.1606060606060606 1.5096712E7 10734
32600 9166192.0 1.6469994 3.250557 0.0 1.5096712E7 11000
32800 9166192.0 1.6469994 3.250557 0.0 1.5096712E7 11253
33000 9166192.0 1.6469994 3.250557 0.0 1.5096712E7 11501
33200 9166192.0 1.6469994 3.250557 0.0 1.5096712E7 11746
33400 9166192.0 1.6469994 3.250557 0.0 1.5096712E7 11996
33600 9166192.0 1.6469994 3.250557 0.0 1.5096712E7 12227
33800 9166192.0 1.6469994 3.250557 0.0 1.5096712E7 12465
34000 9166192.0 1.6469994 3.250557 0.0 1.5096712E7 12706
34200 9166192.0 1.6469994 3.250557 0.0 1.5096712E7 12935
34400 9166192.0 1.6469994 3.250557 0.0 1.5096712E7 13194
34600 9166192.0 1.6469994 3.250557 0.0 1.5096712E7 13467
34800 9166192.0 1.6469994 3.250557 0.0 1.5096712E7 13756
35000 9166192.0 1.6469994 3.250557 0.0 1.5096712E7 14019
35200 9166192.0 1.6469994 3.250557 0.0 1.5096712E7 14290
35400 9166192.0 1.6469994 3.250557 0.0 1.5096712E7 14531
35600 9166192.0 1.6469994 3.250557 0.0 1.5096712E7 14787
35800 9166192.0 1.6469994 3.250557 0.0 1.5096712E7 15049
36000 9166192.0 1.6469994 3.250557 0.0 1.5096712E7 15326
36200 9166192.0 1.6469994 3.250557 0.0 1.5096712E7 15569
36400 9166192.0 1.6469994 3.250557 0.0 1.5096712E7 15808
36600 9166192.0 1.6469994 3.250557 0.0 1.5096712E7 16077
36800 9166192.0 1.6469994 3.250557 0.0 1.5096712E7 16329
37000 9166192.0 1.6469994 3.250557 0.0 1.5096712E7 16573
37200 9166192.0 1.6469994 3.250557 0.0 1.5096712E7 16813
37400 9166192.0 1.6469994 3.250557 0.0 1.5096712E7 17041
37600 9166192.0 1.6469994 3.250557 0.0 1.5096712E7 17286
37800 9166192.0 1.6469994 3.250557 0.0 1.5096712E7 17525
38000 9166192.0 1.6469994 3.250557 0.0 1.5096712E7 17794
38200 9166192.0 1.6469994 3.250557 0.0 1.5096712E7 18010
38400 9166192.0 1.6469994 3.250557 0.0 1.5096712E7 18271
38600 9166192.0 1.6469994 3.250557 0.0 1.5096712E7 18528
38800 9166192.0 1.6469994 3.250557 0.0 1.5096712E7 18765
39000 9166192.0 1.6469994 3.250557 0.0 1.5096712E7 19030
39200 9166192.0 1.6469994 3.250557 0.0 1.5096712E7 19268
39400 9166192.0 1.6469994 3.250557 0.0 1.5096712E7 19541
39600 9166192.0 1.6469994 3.250557 0.0 1.5096712E7 19811
39800 9166192.0 1.6469994 3.250557 0.0 1.5096712E7 20076
40000 9166192.0 1.6469994 3.250557 0.0 1.5096712E7 20327
40200 9166192.0 1.6469994 3.250557 0.0 1.5096712E7 20553
40400 9166192.0 1.6469994 3.250557 0.0 1.5096712E7 20789
40600 9166192.0 1.6469994 3.250557 0.0 1.5096712E7 21044
40800 9166192.0 1.6469994 3.250557 0.0 1.5096712E7 21285
41000 9166192.0 1.6469994 3.250557 0.0 1.5096712E7 21534
41200 9166192.0 1.6469994 3.250557 0.0 1.5096712E7 21779
41400 9166192.0 1.6469994 3.250557 0.0 1.5096712E7 22004
41600 9166192.0 1.6469994 3.250557 0.0 1.5096712E7 22246
41800 9166192.0 1.6469994 3.250557 0.0 1.5096712E7 22495
42000 9166192.0 1.6469994 3.250557 0.0 1.5096712E7 22757
42200 9166192.0 1.6469994 3.250557 0.0 1.5096712E7 23003
42400 9166192.0 1.6469994 3.250557 0.0 1.5096712E7 23256
42600 9166192.0 1.6469994 3.250557 0.0 1.5096712E7 23522
42800 9166192.0 1.6469994 3.250557 0.0 1.5096712E7 23765
43000 9166192.0 1.6469994 3.250557 0.0 1.5096712E7 23985
43200 9166192.0 1.6469994 3.250557 0.0 1.5096712E7 24224
43400 9166192.0 1.6469994 3.250557 0.0 1.5096712E7 24224
43600 9166192.0 1.6469994 3.250557 0.0 1.5096712E7 24224
43800 9166192.0 1.6469994 3.250557 0.0 1.5096712E7 24224
44000 9166192.0 1.6469994 3.250557 0.0 1.5096712E7 24224
200 3185.0 3.154788 3.152502 0.0 10048.0 80
400 17483.0 2.7782989 2.6434252 3.375757575757576 48573.0 103
600 38296.0 2.674274 2.4956026 3.375757575757576 102414.0 111
800 58738.0 2.6504648 2.6575031 5.721212121212122 155683.0 81
1000 75646.0 2.6555007 2.7936225 5.042424242424242 200878.0 94
1200 95114.0 2.6991506 2.1488218 5.042424242424242 256727.0 98
1400 111790.0 2.7087753 2.6887245 6.178787878787879 302814.0 128
1600 135896.0 2.7184243 2.0208144 6.9363636363636365 369423.0 117
1800 158846.0 2.7115698 1.486102 6.9363636363636365 430722.0 122
2000 182491.0 2.6893873 1.7723203 7.133333333333334 490789.0 107
2200 205120.0 2.6783736 2.484776 6.575757575757576 549388.0 103
2400 226989.0 2.674905 1.8208771 6.575757575757576 607174.0 104
2600 249595.0 2.676644 2.3987045 6.342424242424243 668077.0 80
2800 266475.0 2.6913857 2.5299535 5.83939393939394 717187.0 96
3000 284019.0 2.7098293 3.6282234 5.83939393939394 769643.0 90
3200 301762.0 2.717708 2.566666 5.742424242424242 820101.0 103
3400 323029.0 2.733869 3.538395 6.212121212121212 883119.0 101
3600 341551.0 2.745473 2.1488497 6.212121212121212 937719.0 105
3800 363183.0 2.7537467 2.4599786 6.345454545454546 1000114.0 99
4000 381655.0 2.7530727 1.7538683 6.4 1050724.0 109
4200 405751.0 2.7318134 2.4483674 6.4 1108436.0 100
4400 428122.0 2.7204022 2.0166276 6.627272727272727 1164664.0 102
4600 448730.0 2.718987 2.8908787 6.5606060606060606 1220091.0 92
4800 466904.0 2.723926 2.7621868 6.5606060606060606 1271812.0 111
5000 486205.0 2.7256508 2.6445267 6.657575757575757 1325225.0 131
5200 505427.0 2.7290528 3.545806 6.203030303030303 1379337.0 142
5400 545232.0 2.660429 1.5721407 6.203030303030303 1450551.0 118
5600 569051.0 2.658463 2.223868 6.742424242424242 1512801.0 97
5800 589732.0 2.6620567 2.0824363 6.275757575757575 1569900.0 96
6000 608199.0 2.6670613 3.156842 6.275757575757575 1622104.0 107
6200 626842.0 2.6730196 2.264017 6.163636363636364 1675561.0 110
6400 650734.0 2.6737208 2.1768966 6.7 1739881.0 107
6600 672824.0 2.6786575 2.8538995 6.7 1802265.0 114
6800 694384.0 2.679693 4.2027497 7.1454545454545455 1860736.0 108
7000 711911.0 2.6839366 2.6564364 5.9818181818181815 1910724.0 121
7200 731867.0 2.6880896 2.103111 5.9818181818181815 1967324.0 130
7400 752092.0 2.687735 2.7635193 6.648484848484848 2021424.0 126
7600 771632.0 2.6880572 2.4176388 6.539393939393939 2074191.0 139
7800 817798.0 2.621343 1.65733 6.539393939393939 2143729.0 114
8000 843848.0 2.613723 2.7200797 6.9363636363636365 2205585.0 103
8200 864791.0 2.6171422 3.0443416 6.378787878787879 2263281.0 86
8400 883578.0 2.6223695 2.1157699 6.378787878787879 2317068.0 81
8600 900236.0 2.6274855 2.523755 5.927272727272728 2365357.0 112
8800 921211.0 2.6317716 1.9990342 6.36060606060606 2424417.0 86
9000 938985.0 2.6351752 2.179948 6.36060606060606 2474390.0 112
9200 959164.0 2.6422822 2.9145894 6.066666666666666 2534382.0 116
9400 979261.0 2.644917 2.7240636 6.348484848484849 2590064.0 106
9600 995254.0 2.6475594 2.3949316 6.348484848484849 2634994.0 126
9800 1014674.0 2.6509697 2.037432 6.157575757575757 2689870.0 115
10000 1030740.0 2.6523285 2.2854934 5.233333333333333 2733861.0 125
10200 1045956.0 2.6564395 4.63108 5.233333333333333 2778519.0 143
10400 1061674.0 2.6643236 2.7106848 5.3 2828643.0 169
10600 1144682.0 2.5464897 1.6872499 6.627272727272727 2914921.0 127
10800 1173854.0 2.5410502 2.0581942 6.627272727272727 2982822.0 121
11000 1197508.0 2.547091 2.2050266 8.272727272727273 3050162.0 109
11200 1217984.0 2.5487041 2.4751225 6.527272727272727 3104281.0 113
11400 1240723.0 2.5521562 1.8985889 6.527272727272727 3166519.0 87
11600 1256693.0 2.5546622 2.7153897 6.03030303030303 3210426.0 115
11800 1280586.0 2.5575392 2.0246105 6.442424242424242 3275149.0 125
12000 1303661.0 2.559104 2.0016003 6.442424242424242 3336204.0 105
12200 1326983.0 2.553506 1.8536031 6.381818181818182 3388459.0 102
12400 1348304.0 2.5556595 1.5023092 6.015151515151516 3445806.0 96
12600 1366754.0 2.559451 2.1253872 6.015151515151516 3498140.0 102
12800 1385980.0 2.560418 2.4761248 6.196969696969697 3548688.0 137
13000 1412656.0 2.5636327 3.6603856 7.096969696969697 3621531.0 126
13200 1440756.0 2.564582 2.4936347 7.096969696969697 3694937.0 103
13400 1461723.0 2.5682178 2.887409 7.296969696969697 3754023.0 110
13600 1482275.0 2.5683122 4.3049145 6.318181818181818 3806945.0 121
13800 1500281.0 2.5721636 3.599021 6.318181818181818 3858968.0 142
14000 1535552.0 2.5663195 2.8026679 7.096969696969697 3940717.0 108
14200 1557761.0 2.5710068 2.0201719 7.342424242424243 4005014.0 104
14400 1578819.0 2.5730035 1.682084 7.342424242424243 4062307.0 111
14600 1600194.0 2.575189 2.6361198 6.418181818181818 4120802.0 101
14800 1619493.0 2.5772862 2.2992191 6.7696969696969695 4173897.0 98
15000 1638752.0 2.578436 2.8210711 6.7696969696969695 4225417.0 113
15200 1664059.0 2.5794969 1.653538 6.181818181818182 4292435.0 120
15400 1684757.0 2.579972 2.3675652 7.245454545454545 4346626.0 120
15600 1708981.0 2.5813336 2.5491953 7.245454545454545 4411450.0 111
15800 1729699.0 2.5818844 1.8644603 6.806060606060606 4465883.0 111
16000 1753857.0 2.5838583 1.4020742 6.842424242424243 4531718.0 127
16200 1778812.0 2.5879357 2.348958 6.842424242424243 4603451.0 91
16400 1797827.0 2.5897403 2.7241225 7.245454545454545 4655905.0 119
16600 1821915.0 2.593171 2.0860298 6.709090909090909 4724537.0 91
16800 1837655.0 2.5961626 4.7979746 6.709090909090909 4770851.0 101
17000 1857867.0 2.5994315 2.503861 5.83939393939394 4829398.0 91
17200 1875495.0 2.6022575 2.9850335 6.203030303030303 4880521.0 93
200 3185.0 3.154788 3.152502 0.0 10048.0 80
400 17483.0 2.7782989 2.6434252 3.375757575757576 48573.0 103
600 38296.0 2.674274 2.4956026 3.375757575757576 102414.0 111
800 58738.0 2.6504648 2.6575031 5.721212121212122 155683.0 81
1000 75646.0 2.6555007 2.7936225 5.042424242424242 200878.0 94
1200 95114.0 2.6991506 2.1488218 5.042424242424242 256727.0 98
1400 112280.0 2.7116852 3.0778823 6.178787878787879 304468.0 124
1600 135846.0 2.722119 3.5626554 6.8121212121212125 369789.0 114
1800 159318.0 2.703348 2.871705 6.8121212121212125 430692.0 121
2000 183817.0 2.6943645 3.8686752 7.124242424242424 495270.0 91
2200 202574.0 2.6936479 2.3132615 6.157575757575757 545663.0 101
2400 222503.0 2.709069 3.3980124 6.157575757575757 602776.0 111
2600 244482.0 2.7105227 2.5002444 6.424242424242424 662674.0 99
2800 264967.0 2.7081826 2.5993674 5.7696969696969695 717579.0 101
3000 283042.0 2.7119155 2.4124248 5.7696969696969695 767586.0 95
3200 303809.0 2.7131324 2.3950348 5.675757575757576 824274.0 98
3400 322576.0 2.719539 2.500595 5.7727272727272725 877258.0 104
3600 342043.0 2.7203538 1.3126585 5.7727272727272725 930478.0 106
3800 363472.0 2.7207599 2.2336888 5.921212121212121 988920.0 105
4000 384923.0 2.7148883 1.7487894 6.760606060606061 1045023.0 107
4200 406185.0 2.714374 3.0083644 6.760606060606061 1102538.0 102
4400 426752.0 2.7080271 1.749244 6.472727272727273 1155656.0 117
4600 449942.0 2.7119274 2.020865 6.881818181818182 1220210.0 97
4800 472164.0 2.717774 2.059366 6.881818181818182 1283235.0 99
5000 492130.0 2.7161238 2.14252 6.7303030303030305 1336686.0 115
5200 516224.0 2.7037895 3.1639967 6.606060606060606 1395761.0 116
5400 538198.0 2.702448 2.0239677 6.606060606060606 1454452.0 113
5600 560539.0 2.7012482 2.1555412 6.857575757575757 1514155.0 97
5800 580177.0 2.6994452 2.129494 6.112121212121212 1566156.0 100
6000 599802.0 2.7035506 2.211001 6.112121212121212 1621595.0 100
6200 619884.0 2.7058644 2.563509 5.806060606060606 1677322.0 99
6400 640663.0 2.7116847 2.2051005 6.833333333333333 1737276.0 105
6600 663319.0 2.714029 2.0432475 6.833333333333333 1800267.0 110
6800 685770.0 2.7159076 2.0541596 7.251515151515152 1862488.0 101
7000 702146.0 2.7188063 2.8633058 6.221212121212122 1908999.0 123
7200 726048.0 2.7164402 1.9985899 6.221212121212122 1972266.0 127
7400 750380.0 2.7064981 1.8738453 6.993939393939394 2030902.0 110
7600 773507.0 2.6981888 2.3752475 6.296969696969697 2087068.0 112
7800 796857.0 2.6978981 2.5098877 6.296969696969697 2149839.0 97
8000 816833.0 2.6986728 2.2668686 5.9363636363636365 2204365.0 97
8200 836569.0 2.6976879 1.9306118 5.866666666666666 2256802.0 83
8400 854563.0 2.6983278 1.8142716 5.866666666666666 2305891.0 81
8600 871987.0 2.7009714 2.2907898 5.654545454545454 2355212.0 113
8800 892963.0 2.704122 2.095047 6.578787878787879 2414681.0 92
9000 912907.0 2.7038438 2.377736 6.578787878787879 2468358.0 103
9200 932107.0 2.7046402 2.3920903 6.233333333333333 2521014.0 113
9400 954124.0 2.7052605 2.2404366 6.757575757575758 2581154.0 104
9600 975637.0 2.7050686 2.0585995 6.757575757575758 2639165.0 104
9800 996373.0 2.7035437 2.321528 6.590909090909091 2693738.0 95
10000 1017668.0 2.7028794 2.3846378 5.675757575757576 2750634.0 86
10200 1033662.0 2.7092066 5.237094 5.675757575757576 2800404.0 94
10400 1053697.0 2.712181 2.7618546 5.533333333333333 2857817.0 105
10600 1075846.0 2.7124524 3.2499738 6.296969696969697 2918181.0 106
10800 1096775.0 2.7128499 2.9545684 6.296969696969697 2975386.0 122
11000 1120453.0 2.7114265 3.475659 6.681818181818182 3038026.0 117
11200 1143515.0 2.7093444 1.9024016 6.8090909090909095 3098176.0 113
11400 1164203.0 2.7043643 2.4208682 6.8090909090909095 3148429.0 107
11600 1186774.0 2.7024984 2.6431966 5.951515151515151 3207255.0 106
11800 1208968.0 2.701979 2.749101 6.433333333333334 3266606.0 117
12000 1231807.0 2.6999977 2.698268 6.433333333333334 3325876.0 99
12200 1251225.0 2.698824 2.1016977 6.987878787878788 3376836.0 112
12400 1274006.0 2.6993663 1.9105859 6.184848484848485 3439009.0 104
12600 1294118.0 2.700729 2.501134 6.184848484848485 3495062.0 106
12800 1313184.0 2.6960595 1.863652 6.2272727272727275 3540422.0 152
13000 1344684.0 2.6938581 2.919632 7.475757575757576 3622388.0 137
13200 1372984.0 2.6938536 4.6248803 7.475757575757576 3698618.0 117
13400 1395110.0 2.6896338 2.5205877 7.878787878787879 3752335.0 135
13600 1422568.0 2.6849859 2.376142 6.742424242424242 3819575.0 132
13800 1445846.0 2.6816418 3.3534455 6.742424242424242 3877241.0 140
14000 1474830.0 2.6792498 1.9575882 7.2696969696969695 3951438.0 121
14200 1500006.0 2.6789925 2.3331494 7.527272727272727 4018505.0 111
14400 1522947.0 2.6755896 2.4043856 7.527272727272727 4074781.0 118
14600 1546741.0 2.6760051 2.5031867 6.296969696969697 4139087.0 103
14800 1567415.0 2.677164 2.4372492 6.757575757575758 4196227.0 98
15000 1587675.0 2.678441 2.3205838 6.757575757575758 4252494.0 108
15200 1610439.0 2.6795022 2.4062648 6.239393939393939 4315175.0 125
15400 1630949.0 2.6791556 1.7823503 6.9787878787878785 4369566.0 129
15600 1659843.0 2.6779401 2.7521827 6.9787878787878785 4444960.0 99
15800 1677123.0 2.6782503 2.8755274 7.148484848484848 4491755.0 118
16000 1699926.0 2.6771948 2.750122 6.681818181818182 4551033.0 142
16200 1729042.0 2.6730201 3.0634556 6.681818181818182 4621764.0 105
16400 1752438.0 2.6706452 1.9087405 7.263636363636364 4680140.0 121
16600 1774227.0 2.6684978 1.8745323 6.724242424242425 4734521.0 119
16800 1798376.0 2.6669111 3.023156 6.724242424242425 4796109.0 101
17000 1818862.0 2.6674678 1.949738 6.421212121212121 4851756.0 102
17200 1840106.0 2.6696234 2.025805 6.384848484848485 4912390.0 90
17400 1856174.0 2.6712077 3.5672665 6.384848484848485 4958226.0 110
17600 1878372.0 2.6707873 1.8936889 5.827272727272727 5016732.0 111
17800 1901823.0 2.6714342 2.9227483 6.748484848484848 5080595.0 94
18000 1920796.0 2.672014 1.1762706 6.748484848484848 5132394.0 114
18200 1942995.0 2.6706693 2.7124329 5.9393939393939394 5189097.0 99
18400 1963733.0 2.6701567 2.7304416 5.9 5243475.0 102
18600 1985329.0 2.6699514 2.4199386 5.9 5300732.0 114
18800 2008178.0 2.670196 2.2894604 6.63030303030303 5362229.0 105
19000 2029349.0 2.6692162 2.4524007 6.351515151515152 5416771.0 109
19200 2050379.0 2.667859 1.5153841 6.351515151515152 5470122.0 111
19400 2071437.0 2.6680772 2.3448563 6.121212121212121 5526754.0 108
19600 2092609.0 2.6699207 1.7927867 6.284848484848485 5587100.0 105
19800 2112660.0 2.6718009 2.9645839 6.284848484848485 5644607.0 101
20000 2131194.0 2.674353 4.4265056 6.16060606060606 5699565.0 95
20200 2150507.0 2.6771705 2.5433807 5.878787878787879 5757274.0 102
20400 2169532.0 2.6799965 2.3085585 5.878787878787879 5814338.0 122
20600 2192718.0 2.6801002 2.554778 6.739393939393939 5876704.0 115
20800 2217083.0 2.6789885 1.6248331 6.8 5939540.0 118
21000 2241826.0 2.6761956 1.8098295 6.8 5999565.0 113
21200 2264613.0 2.6740472 1.7460628 6.748484848484848 6055682.0 104
21400 2286654.0 2.672411 1.6093764 6.127272727272727 6110879.0 117
21600 2309321.0 2.6702754 4.04669 6.127272727272727 6166523.0 114
21800 2331926.0 2.669881 3.7314472 6.2696969696969695 6225965.0 108
22000 2350500.0 2.668744 1.3699529 6.924242424242424 6272883.0 135
22200 2382680.0 2.6644785 1.9974027 6.924242424242424 6348600.0 128
22400 2407177.0 2.6627843 2.0331259 7.624242424242424 6409793.0 114
22600 2430582.0 2.661628 2.2343369 6.581818181818182 6469305.0 121
22800 2451288.0 2.660718 1.7741212 6.581818181818182 6522186.0 128
23000 2474065.0 2.6605268 2.1049674 6.090909090909091 6582316.0 116
23200 2491584.0 2.6609776 2.5074701 5.5212121212121215 6630049.0 149
23400 2521466.0 2.656637 2.0243936 5.5212121212121215 6698620.0 125
23600 2540256.0 2.656631 3.0864077 6.848484848484849 6748523.0 146
23800 2564630.0 2.6559398 2.4322906 5.842424242424243 6811503.0 143
24000 2587803.0 2.6552157 1.8713398 5.842424242424243 6871175.0 138
24200 2607433.0 2.6555226 2.6685739 6.475757575757576 6924097.0 154
24400 2635901.0 2.64899 2.966884 7.051515151515152 6982475.0 157
24600 2704211.0 2.609713 0.64203024 7.051515151515152 7057215.0 142
24800 2735733.0 2.604264 3.465014 7.957575757575758 7124571.0 120
25000 2759355.0 2.602015 1.9969175 7.03030303030303 7179883.0 136
25200 2786312.0 2.602539 4.4687624 7.03030303030303 7251486.0 130
25400 2811809.0 2.6031914 2.643027 7.7303030303030305 7319677.0 97
25600 2832307.0 2.6034458 2.9347692 6.575757575757576 7373758.0 116
25800 2853732.0 2.6028903 2.6859 6.575757575757576 7427951.0 125
26000 2876345.0 2.600693 1.6373539 6.381818181818182 7480490.0 135
26200 2906869.0 2.5982196 2.8579364 6.760606060606061 7552684.0 114
26400 2927461.0 2.5981457 2.718682 6.760606060606061 7605970.0 125
26600 2954158.0 2.5980875 2.1957562 6.906060606060606 7675161.0 102
26800 2976412.0 2.5977716 2.3419356 6.3969696969696965 7732039.0 111
27000 2996643.0 2.5979352 2.4759455 6.3969696969696965 7785084.0 116
27200 3019879.0 2.5980775 2.6349835 6.466666666666667 7845880.0 110
27400 3040291.0 2.5986388 2.592103 6.154545454545454 7900618.0 117
27600 3062599.0 2.5974996 2.1843126 6.154545454545454 7955100.0 111
27800 3086788.0 2.5958002 2.1668663 6.081818181818182 8012685.0 120
28000 3111059.0 2.5962453 3.78167 6.821212121212121 8077072.0 107
28200 3130007.0 2.5961943 1.9697096 6.821212121212121 8126106.0 103
28400 3153058.0 2.5952895 1.7462318 5.945454545454545 8183098.0 111
28600 3174686.0 2.5957723 2.2048378 6.590909090909091 8240762.0 96
28800 3194853.0 2.5960383 1.619218 6.590909090909091 8293961.0 111
29000 3217662.0 2.5951993 1.9458066 6.242424242424242 8350474.0 113
29200 3239807.0 2.594366 2.060792 6.178787878787879 8405245.0 125
29400 3264033.0 2.593875 1.7627867 6.178787878787879 8466493.0 111
29600 3286718.0 2.5938938 1.9987638 6.224242424242425 8525397.0 94
29800 3305192.0 2.592986 3.420437 5.33030303030303 8570317.0 110
30000 3328887.0 2.5925229 1.5001493 5.33030303030303 8630216.0 112
30200 3350013.0 2.5924075 2.0010786 6.278787878787878 8684599.0 110
30400 3372698.0 2.592361 5.218851 6.748484848484848 8743251.0 119
30600 3393866.0 2.5922995 2.8418736 6.748484848484848 8797917.0 100
30800 3414455.0 2.5908332 2.0913098 5.960606060606061 8846283.0 122
31000 3438685.0 2.5894625 2.581214 6.172727272727273 8904346.0 125
31200 3462284.0 2.5873523 1.2408593 6.172727272727273 8958148.0 117
31400 3487223.0 2.5839434 2.4673743 6.115151515151515 9010787.0 111
31600 3510591.0 2.5838416 2.7995234 6.263636363636364 9070811.0 99
31800 3531430.0 2.5832994 2.4961011 6.263636363636364 9122741.0 106
32000 3554779.0 2.5834746 2.9441323 5.918181818181818 9183681.0 103
32200 3574749.0 2.5833635 2.0975955 6.390909090909091 9234876.0 110
32400 3595152.0 2.582945 2.3088946 6.390909090909091 9286080.0 115
32600 3619046.0 2.5826552 2.002121 6.136363636363637 9346748.0 129
32800 3646406.0 2.583017 2.1159046 7.181818181818182 9418729.0 115
33000 3669471.0 2.584226 2.0498314 7.181818181818182 9482742.0 101
33200 3688603.0 2.5848444 2.0430148 6.878787878787879 9534465.0 127
33400 3709705.0 2.585349 4.0520177 6.112121212121212 9590882.0 121
33600 3732561.0 2.5843084 2.3471115 6.112121212121212 9646089.0 120
33800 3762629.0 2.5808358 1.884042 6.672727272727273 9710728.0 112
34000 3787662.0 2.580045 2.0962083 6.2272727272727275 9772338.0 101
34200 3807654.0 2.5802202 4.376468 6.2272727272727275 9824586.0 103
34400 3827135.0 2.5807028 2.1301398 5.815151515151515 9876698.0 108
34600 3846246.0 2.580993 1.496117 6.163636363636364 9927134.0 140
34800 3877281.0 2.579907 2.198723 6.163636363636364 1.0003024E7 126
35000 3898599.0 2.5799723 2.8350062 7.03030303030303 1.0058277E7 137
35200 3924345.0 2.578758 1.7894821 7.345454545454546 1.0119936E7 125
35400 3949141.0 2.5768158 2.046867 7.345454545454546 1.0176209E7 107
35600 3972300.0 2.5747516 2.4371674 6.284848484848485 1.0227686E7 135
35800 3999046.0 2.5736008 2.2858047 6.66969696969697 1.0291948E7 139
36000 4024292.0 2.5721729 1.8802155 6.66969696969697 1.0351175E7 145
36200 4044470.0 2.5716424 2.2810802 6.2727272727272725 1.0400931E7 151
36400 4065406.0 2.5711603 2.1992493 5.948484848484848 1.0452811E7 164
36600 4083157.0 2.5714798 3.262392 5.948484848484848 1.0499756E7 185
36800 4107847.0 2.5689712 2.375167 5.248484848484848 1.055294E7 190
37000 4152430.0 2.5552194 2.1073196 6.578787878787879 1.061037E7 189
37200 4224449.0 2.5298572 0.24494308 6.578787878787879 1.0687253E7 148
37400 4259334.0 2.5252087 2.4570618 8.469696969696969 1.0755707E7 129
37600 4286133.0 2.523724 1.7503126 6.618181818181818 1.0817017E7 126
37800 4310792.0 2.5233324 2.7079484 6.618181818181818 1.0877561E7 121
38000 4334718.0 2.5229895 1.6373987 6.7303030303030305 1.0936448E7 138
38200 4361032.0 2.522503 1.7470087 7.181818181818182 1.1000716E7 113
38400 4384869.0 2.5213819 2.5475364 7.181818181818182 1.1055929E7 119
38600 4408485.0 2.520831 3.0513878 5.624242424242424 1.1113046E7 116
38800 4432014.0 2.5212817 2.0048938 6.775757575757575 1.1174356E7 114
39000 4455262.0 2.5227132 2.2053847 6.775757575757575 1.1239348E7 117
39200 4477910.0 2.5241387 2.2863688 7.287878787878788 1.1302866E7 106
39400 4499166.0 2.5244503 2.8894432 6.512121212121212 1.1357921E7 114
39600 4520088.0 2.524633 2.0009725 6.512121212121212 1.1411563E7 141
39800 4548994.0 2.525225 2.0066657 7.051515151515152 1.1487233E7 136
40000 4576516.0 2.5238647 3.1259785 7.578787878787879 1.1550507E7 114
40200 4598326.0 2.522993 1.8318784 7.578787878787879 1.1601545E7 111
40400 4622409.0 2.522273 1.9241064 5.918181818181818 1.1658978E7 118
40600 4646438.0 2.5228543 1.8720858 6.763636363636364 1.1722286E7 110
40800 4667670.0 2.5239747 1.6366118 6.763636363636364 1.1781081E7 107
41000 4690815.0 2.523509 1.8916476 6.460606060606061 1.1837314E7 105
41200 4712632.0 2.524617 2.4763947 6.554545454545455 1.1897591E7 95
41400 4732379.0 2.5253363 2.0040967 6.554545454545455 1.1950848E7 93
41600 4750954.0 2.5261946 2.6653934 5.942424242424242 1.2001834E7 111
41800 4772914.0 2.5271206 1.584595 6.324242424242424 1.2061729E7 113
42000 4794707.0 2.527864 1.3923339 6.324242424242424 1.2120367E7 133
42200 4821099.0 2.52733 1.499502 6.960606060606061 1.2184508E7 112
42400 4841498.0 2.5271008 1.7602032 6.884848484848485 1.2234953E7 134
42600 4867953.0 2.5266163 1.950439 6.884848484848485 1.229945E7 140
42800 4896175.0 2.5263445 2.12707 7.3969696969696965 1.2369425E7 119
43000 4923763.0 2.5256112 1.5273921 7.575757575757576 1.2435511E7 91
43200 4942151.0 2.525413 1.8347436 7.575757575757576 1.2480972E7 122
43400 4962875.0 2.5254486 2.184339 6.051515151515152 1.2533486E7 13
43600 4966022.0 2.525381 1.7735275 2.6151515151515152 1.2541098E7 2
43800 4966022.0 2.525381 1.7735275 2.6151515151515152 1.2541098E7 2
44000 4966022.0 2.525381 1.7735275 0.0 1.2541098E7 2
