200 7119.0 2.8183734 2.0307717 0.0 20064.0 176
400 32876.0 2.2850409 1.0388253 6.2696969696969695 75123.0 292
200 6283.0 2.821741 2.003259 0.0 17729.0 183
200 6648.0 2.6869736 1.8710924 0.0 17863.0 182
400 33388.0 2.2126813 1.0093002 6.078787878787879 73877.0 295
200 6283.0 2.821741 2.003259 0.0 17729.0 183
200 1168.0 3.2508562 3.7034912 0.0 3797.0 230
400 2110.0 3.486256 6.19328 3.1363636363636362 7356.0 478
600 2782.0 3.8037384 4.1319027 3.1363636363636362 10582.0 730
800 3195.0 4.0738654 6.8760304 2.433333333333333 13016.0 921
200 1168.0 3.2508562 3.7034912 0.0 3797.0 230
400 2110.0 3.486256 6.19328 3.1363636363636362 7356.0 478
600 2782.0 3.8037384 4.1319027 3.1363636363636362 10582.0 730
200 1168.0 3.2508562 3.7034912 0.0 3797.0 230
200 1168.0 3.2508562 3.7034912 0.0 3797.0 230
200 6283.0 2.821741 2.003259 0.0 17729.0 183
400 32763.0 2.2181425 1.0043819 6.075757575757576 72673.0 298
600 74392.0 1.9971099 1.1207545 6.075757575757576 148569.0 383
800 129541.0 1.7878355 0.8710247 10.218181818181819 231598.0 388
1000 199872.0 1.5991784 0.7959869 10.493939393939394 319631.0 451
1200 273428.0 1.4840726 1.3017299 10.493939393939394 405787.0 539
1400 371569.0 1.3729725 1.4725469 11.351515151515152 510154.0 565
1600 472421.0 1.329056 0.24465822 15.627272727272727 627874.0 596
1800 584555.0 1.2983706 0.97487503 15.627272727272727 758969.0 613
2000 707524.0 1.265379 0.6816399 15.466666666666667 895286.0 594
2200 808662.0 1.2380946 1.3353465 13.151515151515152 1001200.0 606
2400 882580.0 1.2257246 0.59457815 13.151515151515152 1081800.0 700
200 6648.0 2.6869736 1.8710924 0.0 17863.0 182
400 33388.0 2.2126813 1.0093002 6.078787878787879 73877.0 295
200 6255.0 2.693525 1.7500325 0.0 16848.0 185
200 6255.0 2.693525 1.7500325 0.0 16848.0 185
200 6255.0 2.693525 1.7500325 0.0 16848.0 185
200 7046.0 2.9273345 2.1295214 0.0 20626.0 174
400 28426.0 2.3697672 2.3160324 6.245454545454545 67363.0 314
600 66814.0 2.0616636 0.9567468 6.245454545454545 137748.0 412
800 102921.0 1.9225328 1.1352797 9.018181818181818 197869.0 470
1000 153098.0 1.725986 0.25873083 9.881818181818181 264245.0 575
200 3762.0 2.6491227 1.6969125 0.0 9966.0 210
400 10729.0 2.3443937 0.91678214 3.8848484848484848 25153.0 426
600 21851.0 2.1245253 0.4340686 3.8848484848484848 46423.0 642
800 42574.0 1.7645746 1.0323439 6.3969696969696965 75125.0 765
1000 52588.0 1.6551495 2.829354 4.475757575757576 87041.0 992
200 3631.0 3.012944 1.5803428 0.0 10940.0 206
400 8368.0 2.4907982 3.5273867 4.066666666666666 20843.0 431
600 12169.0 2.1618047 1.3525381 4.066666666666666 26307.0 673
800 17364.0 1.912117 3.17539 6.093939393939394 33202.0 848
1000 27575.0 1.5948504 1.7715828 5.7696969696969695 43978.0 1082
1200 58438.0 0.99669737 2.9348419E-6 5.7696969696969695 58245.0 1324
1400 115568.0 0.7252267 0.0012207031 5.109090909090909 83813.0 1523
1600 192428.0 0.6130189 0.09384203 5.590909090909091 117962.0 1693
200 3029.0 2.9966986 2.2681875 0.0 9077.0 168
400 10786.0 2.7565362 2.9947076 4.345454545454546 29732.0 331
600 26255.0 2.1227956 1.0302806 4.345454545454546 55734.0 488
800 32260.0 1.9882827 4.826807 4.593939393939394 64142.0 622
1000 35574.0 1.9946028 3.529038 3.278787878787879 70956.0 814
1200 48620.0 1.601666 0.7656464 3.278787878787879 77873.0 1029
1400 102166.0 1.0382711 0.8294678 3.875757575757576 106076.0 1178
1600 164831.0 0.87190515 1.0354309 8.581818181818182 143717.0 1291
