200 0.0 0.0 0.0 0.0 0.0 505
400 28695.0 1.587036 1.0 33.5 45540.0 904
600 53578.0 1.3135989 3.6379788E-12 33.5 70380.0 1350
800 118579.0 1.0124896 1.1E-44 65.5 120060.0 1782
200 0.0 0.0 0.0 0.0 0.0 505
400 37650.0 1.5394422 1.0 50.75 57960.0 877
600 121115.0 1.2685465 0.03147673 50.75 153640.0 1169
800 227247.0 1.0930837 2.1299866E-36 153.5 248400.0 1503
1000 360548.0 0.9517734 0.0 153.5 343160.0 1794
1200 509773.0 0.8545372 0.0 153.5 435620.0 2069
1400 691061.0 0.7708147 0.0 155.5 532680.0 2348
1600 895914.0 0.70136195 0.0 157.0 628360.0 2631
1800 1147435.0 0.632611 0.0 157.0 725880.0 2889
2000 1403427.0 0.58539563 0.0 157.5 821560.0 3218
2200 1683452.0 0.54485667 0.0 156.0 917240.0 3520
2400 1991489.0 0.50862443 0.0 156.0 1012920.0 3811
2600 2323005.0 0.4774247 0.0 155.75 1109060.0 4128
2800 2668627.0 0.45041138 0.0 154.5 1201980.0 4436
3000 3048375.0 0.42584 0.0 154.5 1298120.0 4723
3200 3444924.0 0.40432823 0.0 154.75 1392880.0 4983
3400 3872133.0 0.38442895 0.0 156.5 1488560.0 5249
3600 4315404.0 0.3668996 0.0 156.5 1583320.0 5515
3800 4799867.0 0.35008886 0.0 154.0 1680380.0 5807
4000 5284915.0 0.33562696 0.0 155.5 1773760.0 6131
4200 5810565.0 0.32181036 0.0 155.5 1869900.0 6439
4400 6363969.0 0.3090053 0.0 156.75 1966500.0 6746
4600 6932183.0 0.2974128 0.0 155.5 2061720.0 7067
4800 7519588.0 0.28678167 0.0 155.5 2156480.0 7384
5000 8132366.0 0.2768247 0.0 154.25 2251240.0 7703
5200 8757992.0 0.26771206 0.0 154.25 2344620.0 7995
5400 9430831.0 0.25880647 0.0 154.25 2440760.0 8251
5600 1.0127604E7 0.25049362 0.0 155.5 2536900.0 8500
200 0.0 0.0 0.0 0.0 0.0 505
200 0.0 0.0 0.0 0.0 0.0 505
400 37650.0 1.5394422 1.0 50.75 57960.0 877
600 121115.0 1.2685465 0.03147673 50.75 153640.0 1169
200 0.0 0.0 0.0 0.0 0.0 505
400 37650.0 1.5394422 1.0 50.75 57960.0 877
600 121115.0 1.2685465 0.03147673 50.75 153640.0 1169
800 227247.0 1.0930837 2.1299866E-36 153.5 248400.0 1503
1000 360548.0 0.9517734 0.0 153.5 343160.0 1794
1200 509773.0 0.8545372 0.0 153.5 435620.0 2069
1400 691061.0 0.7708147 0.0 155.5 532680.0 2348
1600 895914.0 0.70136195 0.0 157.0 628360.0 2631
200 0.0 0.0 0.0 0.0 0.0 505
400 37650.0 1.5394422 1.0 50.75 57960.0 877
600 121115.0 1.2685465 0.03147673 50.75 153640.0 1169
800 227247.0 1.0930837 2.1299866E-36 153.5 248400.0 1503
1000 360548.0 0.9517734 0.0 153.5 343160.0 1794
1200 509773.0 0.8545372 0.0 153.5 435620.0 2069
1400 691061.0 0.7708147 0.0 155.5 532680.0 2348
1600 895914.0 0.70136195 0.0 157.0 628360.0 2631
1800 1147435.0 0.632611 0.0 157.0 725880.0 2889
2000 1403427.0 0.58539563 0.0 157.5 821560.0 3218
2200 1683452.0 0.54485667 0.0 156.0 917240.0 3520
2400 1991489.0 0.50862443 0.0 156.0 1012920.0 3811
2600 2323005.0 0.4774247 0.0 155.75 1109060.0 4128
2800 2668627.0 0.45041138 0.0 154.5 1201980.0 4436
3000 3048375.0 0.42584 0.0 154.5 1298120.0 4723
3200 3444924.0 0.40432823 0.0 154.75 1392880.0 4983
3400 3872133.0 0.38442895 0.0 156.5 1488560.0 5249
3600 4315404.0 0.3668996 0.0 156.5 1583320.0 5515
3800 4799867.0 0.35008886 0.0 154.0 1680380.0 5807
4000 5284915.0 0.33562696 0.0 155.5 1773760.0 6131
4200 5810565.0 0.32181036 0.0 155.5 1869900.0 6439
200 0.0 0.0 0.0 0.0 0.0 505
200 0.0 0.0 0.0 0.0 0.0 505
400 37650.0 1.5394422 1.0 50.75 57960.0 877
200 0.0 0.0 0.0 0.0 0.0 505
200 0.0 0.0 0.0 0.0 0.0 505
200 0.0 0.0 0.0 0.0 0.0 505
200 0.0 0.0 0.0 0.0 0.0 505
400 37818.0 1.5326035 1.0 49.75 57960.0 877
200 0.0 0.0 0.0 0.0 0.0 505
200 0.0 0.0 0.0 0.0 0.0 505
200 0.0 0.0 0.0 0.0 0.0 505
200 0.0 0.0 0.0 0.0 0.0 505
200 8870.0 3.569673 3.6923037 0.0 31663.0 253
200 0.0 0.0 0.0 0.0 0.0 505
400 37818.0 1.5326035 1.0 49.75 57960.0 877
600 117852.0 1.2802498 0.58984303 49.75 150880.0 1175
800 226405.0 1.0951172 9.9515275E-37 153.0 247940.0 1504
1000 359029.0 0.9532378 0.0 156.75 342240.0 1796
1200 514285.0 0.8506178 0.0 156.75 437460.0 2065
1400 702516.0 0.76152 0.0 155.25 534980.0 2343
200 0.0 0.0 0.0 0.0 0.0 505
400 37818.0 1.5326035 1.0 49.75 57960.0 877
600 117852.0 1.2802498 0.58984303 49.75 150880.0 1175
800 226405.0 1.0951172 9.9515275E-37 153.0 247940.0 1504
1000 359029.0 0.9532378 0.0 156.75 342240.0 1796
1200 514285.0 0.8506178 0.0 156.75 437460.0 2065
200 0.0 0.0 0.0 0.0 0.0 505
