200 2103.0 1.5644318 0.9999695 0.0 3290.0 230
400 28753.0 1.4128612 0.99999803 4.884848484848485 40624.0 371
600 76481.0 1.2873393 0.4904763 4.884848484848485 98457.0 481
800 137595.0 1.1714162 0.93943226 8.724242424242425 161181.0 511
1000 221273.0 1.0892879 0.5547124 9.745454545454546 241030.0 588
1200 309061.0 1.013651 0.015845798 9.745454545454546 313280.0 691
1400 416902.0 0.9500698 0.21923834 10.836363636363636 396086.0 744
200 2103.0 1.5644318 0.9999695 0.0 3290.0 230
400 28753.0 1.4128612 0.99999803 4.884848484848485 40624.0 371
600 76481.0 1.2873393 0.4904763 4.884848484848485 98457.0 481
200 2103.0 1.5644318 0.9999695 0.0 3290.0 230
400 28753.0 1.4128612 0.99999803 4.884848484848485 40624.0 371
600 76481.0 1.2873393 0.4904763 4.884848484848485 98457.0 481
800 137595.0 1.1714162 0.93943226 8.724242424242425 161181.0 511
1000 217939.0 1.0881944 0.015874628 9.709090909090909 237160.0 595
1200 307790.0 1.0110205 0.064030774 9.709090909090909 311182.0 697
200 3391.0 1.945149 1.1925741 0.0 6596.0 217
400 29018.0 1.581122 1.0 5.178787878787879 45881.0 357
600 77661.0 1.4154338 0.8983455 5.178787878787879 109924.0 454
800 137875.0 1.297835 0.4686798 9.103030303030303 178939.0 480
1000 213059.0 1.1930779 0.1815208 9.384848484848485 254196.0 562
200 3298.0 2.1109765 1.8154764 0.0 6962.0 216
400 30180.0 1.6250166 1.0 5.233333333333333 49043.0 349
600 79568.0 1.4445757 0.980468 5.233333333333333 114942.0 440
800 143167.0 1.3482296 1.2106416 9.245454545454546 193022.0 452
1000 211218.0 1.2500072 0.3996998 9.296969696969697 264024.0 543
