200 7266.0 2.8380127 2.2422647 0.0 20621.0 175
400 35196.0 2.4543414 1.2082635 6.709090909090909 86383.0 265
600 72968.0 2.2204118 1.0867544 6.709090909090909 162019.0 350
800 139573.0 1.9241687 1.0812476 10.054545454545455 268562.0 293
1000 212530.0 1.8432221 2.4147553 12.521212121212121 391740.0 272
1200 266500.0 1.8604391 2.0587578 12.521212121212121 495807.0 312
1400 326071.0 1.8548844 1.8863957 12.218181818181819 604824.0 311
200 7266.0 2.8380127 2.2422647 0.0 20621.0 175
400 35196.0 2.4543414 1.2082635 6.709090909090909 86383.0 265
600 72968.0 2.2204118 1.0867544 6.709090909090909 162019.0 350
200 7266.0 2.8380127 2.2422647 0.0 20621.0 175
200 7266.0 2.8380127 2.2422647 0.0 20621.0 175
400 35196.0 2.4543414 1.2082635 6.709090909090909 86383.0 265
600 72591.0 2.2218595 1.1735089 6.709090909090909 161287.0 351
200 8357.0 3.317219 3.173024 0.0 27722.0 155
400 35166.0 2.74009 0.6798738 6.724242424242425 96358.0 237
